"283.45380628695517","283.6838062869552","15","16","{""a"":""in"",""s"":15,""nid"":-683325700,""i"":""<<Immediate,Soldier,?l,t,1,>>"",""psn"":[15]}","150422","181","421","SUCCESS","0.2300000000000182"
"283.46091691126173","283.69091691126175","15","17","{""a"":""in"",""s"":15,""nid"":-683325700,""i"":""<<Immediate,Soldier,?l,t,1,>>"",""psn"":[15]}","150423","181","422","SUCCESS","0.2300000000000182"
"283.46496350441913","283.69496350441915","15","18","{""a"":""in"",""s"":15,""nid"":-683325700,""i"":""<<Immediate,Soldier,?l,t,1,>>"",""psn"":[15]}","150424","181","423","SUCCESS","0.2300000000000182"
"283.47561742209626","283.7056174220963","15","19","{""a"":""in"",""s"":15,""nid"":-683325700,""i"":""<<Immediate,Soldier,?l,t,1,>>"",""psn"":[15]}","150425","181","424","SUCCESS","0.2300000000000182"
"283.48043112664266","283.7104311266427","15","11","{""a"":""in"",""s"":15,""nid"":-683325700,""i"":""<<Immediate,Soldier,?l,t,1,>>"",""psn"":[15]}","150426","181","425","SUCCESS","0.2300000000000182"
"283.4882361772719","283.71823617727193","15","12","{""a"":""in"",""s"":15,""nid"":-683325700,""i"":""<<Immediate,Soldier,?l,t,1,>>"",""psn"":[15]}","150427","181","426","SUCCESS","0.2300000000000182"
"283.4932096290087","283.7232096290087","15","13","{""a"":""in"",""s"":15,""nid"":-683325700,""i"":""<<Immediate,Soldier,?l,t,1,>>"",""psn"":[15]}","150428","181","427","SUCCESS","0.2300000000000182"
"283.5096694536045","283.7396694536045","15","14","{""a"":""in"",""s"":15,""nid"":-683325700,""i"":""<<Immediate,Soldier,?l,t,1,>>"",""psn"":[15]}","150429","181","428","SUCCESS","0.2300000000000182"
"283.5196694536045","283.7496694536045","15","110","{""a"":""in"",""s"":15,""nid"":-683325700,""i"":""<<Immediate,Soldier,?l,t,1,>>"",""psn"":[15]}","150430","181","429","SUCCESS","0.2300000000000182"
"283.6838062869552","283.9138062869552","16","17","{""a"":""in"",""s"":15,""nid"":-683325700,""i"":""<<Immediate,Soldier,?l,t,1,>>"",""psn"":[15,16]}","160431","184","430","SUCCESS","0.2300000000000182"
"283.6838062869552","283.9138062869552","16","12","{""a"":""in"",""s"":15,""nid"":-683325700,""i"":""<<Immediate,Soldier,?l,t,1,>>"",""psn"":[15,16]}","160435","184","434","SUCCESS","0.2300000000000182"
"283.6838062869552","283.9138062869552","16","18","{""a"":""in"",""s"":15,""nid"":-683325700,""i"":""<<Immediate,Soldier,?l,t,1,>>"",""psn"":[15,16]}","160432","184","431","SUCCESS","0.2300000000000182"
"283.6838062869552","283.9138062869552","16","19","{""a"":""in"",""s"":15,""nid"":-683325700,""i"":""<<Immediate,Soldier,?l,t,1,>>"",""psn"":[15,16]}","160433","184","432","SUCCESS","0.2300000000000182"
"283.6838062869552","283.9138062869552","16","14","{""a"":""in"",""s"":15,""nid"":-683325700,""i"":""<<Immediate,Soldier,?l,t,1,>>"",""psn"":[15,16]}","160437","184","436","SUCCESS","0.2300000000000182"
"283.6838062869552","283.9138062869552","16","11","{""a"":""in"",""s"":15,""nid"":-683325700,""i"":""<<Immediate,Soldier,?l,t,1,>>"",""psn"":[15,16]}","160434","184","433","SUCCESS","0.2300000000000182"
"283.6838062869552","283.9138062869552","16","13","{""a"":""in"",""s"":15,""nid"":-683325700,""i"":""<<Immediate,Soldier,?l,t,1,>>"",""psn"":[15,16]}","160436","184","435","SUCCESS","0.2300000000000182"
"283.6838062869552","283.9138062869552","16","110","{""a"":""in"",""s"":15,""nid"":-683325700,""i"":""<<Immediate,Soldier,?l,t,1,>>"",""psn"":[15,16]}","160438","184","437","SUCCESS","0.2300000000000182"
"283.69091691126175","283.92091691126177","17","18","{""a"":""in"",""s"":15,""nid"":-683325700,""i"":""<<Immediate,Soldier,?l,t,1,>>"",""psn"":[15,17]}","170440","184","439","SUCCESS","0.2300000000000182"
"283.69091691126175","283.92091691126177","17","16","{""a"":""in"",""s"":15,""nid"":-683325700,""i"":""<<Immediate,Soldier,?l,t,1,>>"",""psn"":[15,17]}","170439","184","438","SUCCESS","0.2300000000000182"
"283.69091691126175","283.92091691126177","17","11","{""a"":""in"",""s"":15,""nid"":-683325700,""i"":""<<Immediate,Soldier,?l,t,1,>>"",""psn"":[15,17]}","170442","184","441","SUCCESS","0.2300000000000182"
"283.69091691126175","283.92091691126177","17","110","{""a"":""in"",""s"":15,""nid"":-683325700,""i"":""<<Immediate,Soldier,?l,t,1,>>"",""psn"":[15,17]}","170446","184","445","SUCCESS","0.2300000000000182"
"283.69091691126175","283.92091691126177","17","19","{""a"":""in"",""s"":15,""nid"":-683325700,""i"":""<<Immediate,Soldier,?l,t,1,>>"",""psn"":[15,17]}","170441","184","440","SUCCESS","0.2300000000000182"
"283.69091691126175","283.92091691126177","17","12","{""a"":""in"",""s"":15,""nid"":-683325700,""i"":""<<Immediate,Soldier,?l,t,1,>>"",""psn"":[15,17]}","170443","184","442","SUCCESS","0.2300000000000182"
"283.69091691126175","283.92091691126177","17","14","{""a"":""in"",""s"":15,""nid"":-683325700,""i"":""<<Immediate,Soldier,?l,t,1,>>"",""psn"":[15,17]}","170445","184","444","SUCCESS","0.2300000000000182"
"283.69091691126175","283.92091691126177","17","13","{""a"":""in"",""s"":15,""nid"":-683325700,""i"":""<<Immediate,Soldier,?l,t,1,>>"",""psn"":[15,17]}","170444","184","443","SUCCESS","0.2300000000000182"
"283.69496350441915","283.92496350441917","18","11","{""a"":""in"",""s"":15,""nid"":-683325700,""i"":""<<Immediate,Soldier,?l,t,1,>>"",""psn"":[15,18]}","180450","184","449","SUCCESS","0.2300000000000182"
"283.69496350441915","283.92496350441917","18","17","{""a"":""in"",""s"":15,""nid"":-683325700,""i"":""<<Immediate,Soldier,?l,t,1,>>"",""psn"":[15,18]}","180448","184","447","SUCCESS","0.2300000000000182"
"283.69496350441915","283.92496350441917","18","19","{""a"":""in"",""s"":15,""nid"":-683325700,""i"":""<<Immediate,Soldier,?l,t,1,>>"",""psn"":[15,18]}","180449","184","448","SUCCESS","0.2300000000000182"
"283.69496350441915","283.92496350441917","18","12","{""a"":""in"",""s"":15,""nid"":-683325700,""i"":""<<Immediate,Soldier,?l,t,1,>>"",""psn"":[15,18]}","180451","184","450","SUCCESS","0.2300000000000182"
"283.69496350441915","283.92496350441917","18","13","{""a"":""in"",""s"":15,""nid"":-683325700,""i"":""<<Immediate,Soldier,?l,t,1,>>"",""psn"":[15,18]}","180452","184","451","SUCCESS","0.2300000000000182"
"283.69496350441915","283.92496350441917","18","110","{""a"":""in"",""s"":15,""nid"":-683325700,""i"":""<<Immediate,Soldier,?l,t,1,>>"",""psn"":[15,18]}","180454","184","453","SUCCESS","0.2300000000000182"
"283.69496350441915","283.92496350441917","18","16","{""a"":""in"",""s"":15,""nid"":-683325700,""i"":""<<Immediate,Soldier,?l,t,1,>>"",""psn"":[15,18]}","180447","184","446","SUCCESS","0.2300000000000182"
"283.69496350441915","283.92496350441917","18","14","{""a"":""in"",""s"":15,""nid"":-683325700,""i"":""<<Immediate,Soldier,?l,t,1,>>"",""psn"":[15,18]}","180453","184","452","SUCCESS","0.2300000000000182"
"283.7056174220963","283.9356174220963","19","12","{""a"":""in"",""s"":15,""nid"":-683325700,""i"":""<<Immediate,Soldier,?l,t,1,>>"",""psn"":[15,19]}","190459","184","458","SUCCESS","0.2300000000000182"
"283.7056174220963","283.9356174220963","19","16","{""a"":""in"",""s"":15,""nid"":-683325700,""i"":""<<Immediate,Soldier,?l,t,1,>>"",""psn"":[15,19]}","190455","184","454","SUCCESS","0.2300000000000182"
"283.7056174220963","283.9356174220963","19","14","{""a"":""in"",""s"":15,""nid"":-683325700,""i"":""<<Immediate,Soldier,?l,t,1,>>"",""psn"":[15,19]}","190461","184","460","SUCCESS","0.2300000000000182"
"283.7056174220963","283.9356174220963","19","13","{""a"":""in"",""s"":15,""nid"":-683325700,""i"":""<<Immediate,Soldier,?l,t,1,>>"",""psn"":[15,19]}","190460","184","459","SUCCESS","0.2300000000000182"
"283.7056174220963","283.9356174220963","19","17","{""a"":""in"",""s"":15,""nid"":-683325700,""i"":""<<Immediate,Soldier,?l,t,1,>>"",""psn"":[15,19]}","190456","184","455","SUCCESS","0.2300000000000182"
"283.7056174220963","283.9356174220963","19","110","{""a"":""in"",""s"":15,""nid"":-683325700,""i"":""<<Immediate,Soldier,?l,t,1,>>"",""psn"":[15,19]}","190462","184","461","SUCCESS","0.2300000000000182"
"283.7056174220963","283.9356174220963","19","18","{""a"":""in"",""s"":15,""nid"":-683325700,""i"":""<<Immediate,Soldier,?l,t,1,>>"",""psn"":[15,19]}","190457","184","456","SUCCESS","0.2300000000000182"
"283.7056174220963","283.9356174220963","19","11","{""a"":""in"",""s"":15,""nid"":-683325700,""i"":""<<Immediate,Soldier,?l,t,1,>>"",""psn"":[15,19]}","190458","184","457","SUCCESS","0.2300000000000182"
"283.7104311266427","283.9404311266427","11","51","{""a"":""in"",""s"":15,""nid"":-683325700,""i"":""<<Immediate,Soldier,?l,t,1,>>"",""psn"":[15,11]}","110472","184","471","SUCCESS","0.2300000000000182"
"283.7104311266427","283.9404311266427","11","16","{""a"":""in"",""s"":15,""nid"":-683325700,""i"":""<<Immediate,Soldier,?l,t,1,>>"",""psn"":[15,11]}","110468","184","467","SUCCESS","0.2300000000000182"
"283.7104311266427","283.9404311266427","11","19","{""a"":""in"",""s"":15,""nid"":-683325700,""i"":""<<Immediate,Soldier,?l,t,1,>>"",""psn"":[15,11]}","110471","184","470","SUCCESS","0.2300000000000182"
"283.7104311266427","283.9404311266427","11","31","{""a"":""in"",""s"":15,""nid"":-683325700,""i"":""<<Immediate,Soldier,?l,t,1,>>"",""psn"":[15,11]}","110474","184","473","SUCCESS","0.2300000000000182"
"283.7104311266427","283.9404311266427","11","110","{""a"":""in"",""s"":15,""nid"":-683325700,""i"":""<<Immediate,Soldier,?l,t,1,>>"",""psn"":[15,11]}","110467","184","466","SUCCESS","0.2300000000000182"
"283.7104311266427","283.9404311266427","11","18","{""a"":""in"",""s"":15,""nid"":-683325700,""i"":""<<Immediate,Soldier,?l,t,1,>>"",""psn"":[15,11]}","110470","184","469","SUCCESS","0.2300000000000182"
"283.7104311266427","283.9404311266427","11","12","{""a"":""in"",""s"":15,""nid"":-683325700,""i"":""<<Immediate,Soldier,?l,t,1,>>"",""psn"":[15,11]}","110464","184","463","SUCCESS","0.2300000000000182"
"283.7104311266427","283.9404311266427","11","21","{""a"":""in"",""s"":15,""nid"":-683325700,""i"":""<<Immediate,Soldier,?l,t,1,>>"",""psn"":[15,11]}","110473","184","472","SUCCESS","0.2300000000000182"
"283.7104311266427","283.9404311266427","11","14","{""a"":""in"",""s"":15,""nid"":-683325700,""i"":""<<Immediate,Soldier,?l,t,1,>>"",""psn"":[15,11]}","110466","184","465","SUCCESS","0.2300000000000182"
"283.7104311266427","283.9404311266427","11","41","{""a"":""in"",""s"":15,""nid"":-683325700,""i"":""<<Immediate,Soldier,?l,t,1,>>"",""psn"":[15,11]}","110463","184","462","SUCCESS","0.2300000000000182"
"283.7104311266427","283.9404311266427","11","17","{""a"":""in"",""s"":15,""nid"":-683325700,""i"":""<<Immediate,Soldier,?l,t,1,>>"",""psn"":[15,11]}","110469","184","468","SUCCESS","0.2300000000000182"
"283.7104311266427","283.9404311266427","11","13","{""a"":""in"",""s"":15,""nid"":-683325700,""i"":""<<Immediate,Soldier,?l,t,1,>>"",""psn"":[15,11]}","110465","184","464","SUCCESS","0.2300000000000182"
"283.71823617727193","283.94823617727195","12","13","{""a"":""in"",""s"":15,""nid"":-683325700,""i"":""<<Immediate,Soldier,?l,t,1,>>"",""psn"":[15,12]}","120480","184","479","SUCCESS","0.2300000000000182"
"283.71823617727193","283.94823617727195","12","16","{""a"":""in"",""s"":15,""nid"":-683325700,""i"":""<<Immediate,Soldier,?l,t,1,>>"",""psn"":[15,12]}","120475","184","474","SUCCESS","0.2300000000000182"
"283.71823617727193","283.94823617727195","12","19","{""a"":""in"",""s"":15,""nid"":-683325700,""i"":""<<Immediate,Soldier,?l,t,1,>>"",""psn"":[15,12]}","120478","184","477","SUCCESS","0.2300000000000182"
"283.71823617727193","283.94823617727195","12","14","{""a"":""in"",""s"":15,""nid"":-683325700,""i"":""<<Immediate,Soldier,?l,t,1,>>"",""psn"":[15,12]}","120481","184","480","SUCCESS","0.2300000000000182"
"283.71823617727193","283.94823617727195","12","110","{""a"":""in"",""s"":15,""nid"":-683325700,""i"":""<<Immediate,Soldier,?l,t,1,>>"",""psn"":[15,12]}","120482","184","481","SUCCESS","0.2300000000000182"
"283.71823617727193","283.94823617727195","12","17","{""a"":""in"",""s"":15,""nid"":-683325700,""i"":""<<Immediate,Soldier,?l,t,1,>>"",""psn"":[15,12]}","120476","184","475","SUCCESS","0.2300000000000182"
"283.71823617727193","283.94823617727195","12","11","{""a"":""in"",""s"":15,""nid"":-683325700,""i"":""<<Immediate,Soldier,?l,t,1,>>"",""psn"":[15,12]}","120479","184","478","SUCCESS","0.2300000000000182"
"283.71823617727193","283.94823617727195","12","18","{""a"":""in"",""s"":15,""nid"":-683325700,""i"":""<<Immediate,Soldier,?l,t,1,>>"",""psn"":[15,12]}","120477","184","476","SUCCESS","0.2300000000000182"
"283.7232096290087","283.9532096290087","13","19","{""a"":""in"",""s"":15,""nid"":-683325700,""i"":""<<Immediate,Soldier,?l,t,1,>>"",""psn"":[15,13]}","130486","184","485","SUCCESS","0.2300000000000182"
"283.7232096290087","283.9532096290087","13","16","{""a"":""in"",""s"":15,""nid"":-683325700,""i"":""<<Immediate,Soldier,?l,t,1,>>"",""psn"":[15,13]}","130483","184","482","SUCCESS","0.2300000000000182"
"283.7232096290087","283.9532096290087","13","14","{""a"":""in"",""s"":15,""nid"":-683325700,""i"":""<<Immediate,Soldier,?l,t,1,>>"",""psn"":[15,13]}","130489","184","488","SUCCESS","0.2300000000000182"
"283.7232096290087","283.9532096290087","13","11","{""a"":""in"",""s"":15,""nid"":-683325700,""i"":""<<Immediate,Soldier,?l,t,1,>>"",""psn"":[15,13]}","130487","184","486","SUCCESS","0.2300000000000182"
"283.7232096290087","283.9532096290087","13","18","{""a"":""in"",""s"":15,""nid"":-683325700,""i"":""<<Immediate,Soldier,?l,t,1,>>"",""psn"":[15,13]}","130485","184","484","SUCCESS","0.2300000000000182"
"283.7232096290087","283.9532096290087","13","17","{""a"":""in"",""s"":15,""nid"":-683325700,""i"":""<<Immediate,Soldier,?l,t,1,>>"",""psn"":[15,13]}","130484","184","483","SUCCESS","0.2300000000000182"
"283.7232096290087","283.9532096290087","13","110","{""a"":""in"",""s"":15,""nid"":-683325700,""i"":""<<Immediate,Soldier,?l,t,1,>>"",""psn"":[15,13]}","130490","184","489","SUCCESS","0.2300000000000182"
"283.7232096290087","283.9532096290087","13","12","{""a"":""in"",""s"":15,""nid"":-683325700,""i"":""<<Immediate,Soldier,?l,t,1,>>"",""psn"":[15,13]}","130488","184","487","SUCCESS","0.2300000000000182"
"283.7396694536045","283.9696694536045","14","17","{""a"":""in"",""s"":15,""nid"":-683325700,""i"":""<<Immediate,Soldier,?l,t,1,>>"",""psn"":[15,14]}","140492","184","491","SUCCESS","0.2300000000000182"
"283.7396694536045","283.9696694536045","14","19","{""a"":""in"",""s"":15,""nid"":-683325700,""i"":""<<Immediate,Soldier,?l,t,1,>>"",""psn"":[15,14]}","140494","184","493","SUCCESS","0.2300000000000182"
"283.7396694536045","283.9696694536045","14","110","{""a"":""in"",""s"":15,""nid"":-683325700,""i"":""<<Immediate,Soldier,?l,t,1,>>"",""psn"":[15,14]}","140498","184","497","SUCCESS","0.2300000000000182"
"283.7396694536045","283.9696694536045","14","12","{""a"":""in"",""s"":15,""nid"":-683325700,""i"":""<<Immediate,Soldier,?l,t,1,>>"",""psn"":[15,14]}","140496","184","495","SUCCESS","0.2300000000000182"
"283.7396694536045","283.9696694536045","14","13","{""a"":""in"",""s"":15,""nid"":-683325700,""i"":""<<Immediate,Soldier,?l,t,1,>>"",""psn"":[15,14]}","140497","184","496","SUCCESS","0.2300000000000182"
"283.7396694536045","283.9696694536045","14","18","{""a"":""in"",""s"":15,""nid"":-683325700,""i"":""<<Immediate,Soldier,?l,t,1,>>"",""psn"":[15,14]}","140493","184","492","SUCCESS","0.2300000000000182"
"283.7396694536045","283.9696694536045","14","11","{""a"":""in"",""s"":15,""nid"":-683325700,""i"":""<<Immediate,Soldier,?l,t,1,>>"",""psn"":[15,14]}","140495","184","494","SUCCESS","0.2300000000000182"
"283.7396694536045","283.9696694536045","14","16","{""a"":""in"",""s"":15,""nid"":-683325700,""i"":""<<Immediate,Soldier,?l,t,1,>>"",""psn"":[15,14]}","140491","184","490","SUCCESS","0.2300000000000182"
"283.7496694536045","283.9796694536045","110","14","{""a"":""in"",""s"":15,""nid"":-683325700,""i"":""<<Immediate,Soldier,?l,t,1,>>"",""psn"":[15,110]}","1100506","185","505","SUCCESS","0.2300000000000182"
"283.7496694536045","283.9796694536045","110","17","{""a"":""in"",""s"":15,""nid"":-683325700,""i"":""<<Immediate,Soldier,?l,t,1,>>"",""psn"":[15,110]}","1100500","185","499","SUCCESS","0.2300000000000182"
"283.7496694536045","283.9796694536045","110","11","{""a"":""in"",""s"":15,""nid"":-683325700,""i"":""<<Immediate,Soldier,?l,t,1,>>"",""psn"":[15,110]}","1100503","185","502","SUCCESS","0.2300000000000182"
"283.7496694536045","283.9796694536045","110","19","{""a"":""in"",""s"":15,""nid"":-683325700,""i"":""<<Immediate,Soldier,?l,t,1,>>"",""psn"":[15,110]}","1100502","185","501","SUCCESS","0.2300000000000182"
"283.7496694536045","283.9796694536045","110","13","{""a"":""in"",""s"":15,""nid"":-683325700,""i"":""<<Immediate,Soldier,?l,t,1,>>"",""psn"":[15,110]}","1100505","185","504","SUCCESS","0.2300000000000182"
"283.7496694536045","283.9796694536045","110","16","{""a"":""in"",""s"":15,""nid"":-683325700,""i"":""<<Immediate,Soldier,?l,t,1,>>"",""psn"":[15,110]}","1100499","185","498","SUCCESS","0.2300000000000182"
"283.7496694536045","283.9796694536045","110","18","{""a"":""in"",""s"":15,""nid"":-683325700,""i"":""<<Immediate,Soldier,?l,t,1,>>"",""psn"":[15,110]}","1100501","185","500","SUCCESS","0.2300000000000182"
"283.7496694536045","283.9796694536045","110","12","{""a"":""in"",""s"":15,""nid"":-683325700,""i"":""<<Immediate,Soldier,?l,t,1,>>"",""psn"":[15,110]}","1100504","185","503","SUCCESS","0.2300000000000182"
"283.9404311266427","284.1704311266427","21","51","{""a"":""in"",""s"":15,""nid"":-683325700,""i"":""<<Immediate,Soldier,?l,t,1,>>"",""psn"":[15,11,21]}","210533","187","532","SUCCESS","0.2300000000000182"
"283.9404311266427","284.1704311266427","41","31","{""a"":""in"",""s"":15,""nid"":-683325700,""i"":""<<Immediate,Soldier,?l,t,1,>>"",""psn"":[15,11,41]}","410554","187","553","SUCCESS","0.2300000000000182"
"283.9404311266427","284.1704311266427","51","53","{""a"":""in"",""s"":15,""nid"":-683325700,""i"":""<<Immediate,Soldier,?l,t,1,>>"",""psn"":[15,11,51]}","510509","187","508","SUCCESS","0.2300000000000182"
"283.9404311266427","284.1704311266427","31","21","{""a"":""in"",""s"":15,""nid"":-683325700,""i"":""<<Immediate,Soldier,?l,t,1,>>"",""psn"":[15,11,31]}","310529","187","528","SUCCESS","0.2300000000000182"
"283.9404311266427","284.1704311266427","21","23","{""a"":""in"",""s"":15,""nid"":-683325700,""i"":""<<Immediate,Soldier,?l,t,1,>>"",""psn"":[15,11,21]}","210535","187","534","SUCCESS","0.2300000000000182"
"283.9404311266427","284.1704311266427","31","37","{""a"":""in"",""s"":15,""nid"":-683325700,""i"":""<<Immediate,Soldier,?l,t,1,>>"",""psn"":[15,11,31]}","310524","187","523","SUCCESS","0.2300000000000182"
"283.9404311266427","284.1704311266427","41","48","{""a"":""in"",""s"":15,""nid"":-683325700,""i"":""<<Immediate,Soldier,?l,t,1,>>"",""psn"":[15,11,41]}","410549","187","548","SUCCESS","0.2300000000000182"
"283.9404311266427","284.1704311266427","21","25","{""a"":""in"",""s"":15,""nid"":-683325700,""i"":""<<Immediate,Soldier,?l,t,1,>>"",""psn"":[15,11,21]}","210537","187","536","SUCCESS","0.2300000000000182"
"283.9404311266427","284.1704311266427","41","51","{""a"":""in"",""s"":15,""nid"":-683325700,""i"":""<<Immediate,Soldier,?l,t,1,>>"",""psn"":[15,11,41]}","410551","187","550","SUCCESS","0.2300000000000182"
"283.9404311266427","284.1704311266427","21","31","{""a"":""in"",""s"":15,""nid"":-683325700,""i"":""<<Immediate,Soldier,?l,t,1,>>"",""psn"":[15,11,21]}","210542","187","541","SUCCESS","0.2300000000000182"
"283.9404311266427","284.1704311266427","41","49","{""a"":""in"",""s"":15,""nid"":-683325700,""i"":""<<Immediate,Soldier,?l,t,1,>>"",""psn"":[15,11,41]}","410550","187","549","SUCCESS","0.2300000000000182"
"283.9404311266427","284.1704311266427","41","21","{""a"":""in"",""s"":15,""nid"":-683325700,""i"":""<<Immediate,Soldier,?l,t,1,>>"",""psn"":[15,11,41]}","410552","187","551","SUCCESS","0.2300000000000182"
"283.9404311266427","284.1704311266427","51","56","{""a"":""in"",""s"":15,""nid"":-683325700,""i"":""<<Immediate,Soldier,?l,t,1,>>"",""psn"":[15,11,51]}","510513","187","512","SUCCESS","0.2300000000000182"
"283.9404311266427","284.1704311266427","41","42","{""a"":""in"",""s"":15,""nid"":-683325700,""i"":""<<Immediate,Soldier,?l,t,1,>>"",""psn"":[15,11,41]}","410543","187","542","SUCCESS","0.2300000000000182"
"283.9404311266427","284.1704311266427","31","34","{""a"":""in"",""s"":15,""nid"":-683325700,""i"":""<<Immediate,Soldier,?l,t,1,>>"",""psn"":[15,11,31]}","310521","187","520","SUCCESS","0.2300000000000182"
"283.9404311266427","284.1704311266427","51","55","{""a"":""in"",""s"":15,""nid"":-683325700,""i"":""<<Immediate,Soldier,?l,t,1,>>"",""psn"":[15,11,51]}","510512","187","511","SUCCESS","0.2300000000000182"
"283.9404311266427","284.1704311266427","21","26","{""a"":""in"",""s"":15,""nid"":-683325700,""i"":""<<Immediate,Soldier,?l,t,1,>>"",""psn"":[15,11,21]}","210538","187","537","SUCCESS","0.2300000000000182"
"283.9404311266427","284.1704311266427","21","27","{""a"":""in"",""s"":15,""nid"":-683325700,""i"":""<<Immediate,Soldier,?l,t,1,>>"",""psn"":[15,11,21]}","210539","187","538","SUCCESS","0.2300000000000182"
"283.9404311266427","284.1704311266427","21","22","{""a"":""in"",""s"":15,""nid"":-683325700,""i"":""<<Immediate,Soldier,?l,t,1,>>"",""psn"":[15,11,21]}","210534","187","533","SUCCESS","0.2300000000000182"
"283.9404311266427","284.1704311266427","51","31","{""a"":""in"",""s"":15,""nid"":-683325700,""i"":""<<Immediate,Soldier,?l,t,1,>>"",""psn"":[15,11,51]}","510518","187","517","SUCCESS","0.2300000000000182"
"283.9404311266427","284.1704311266427","51","57","{""a"":""in"",""s"":15,""nid"":-683325700,""i"":""<<Immediate,Soldier,?l,t,1,>>"",""psn"":[15,11,51]}","510514","187","513","SUCCESS","0.2300000000000182"
"283.9404311266427","284.1704311266427","31","36","{""a"":""in"",""s"":15,""nid"":-683325700,""i"":""<<Immediate,Soldier,?l,t,1,>>"",""psn"":[15,11,31]}","310523","187","522","SUCCESS","0.2300000000000182"
"283.9404311266427","284.1704311266427","21","24","{""a"":""in"",""s"":15,""nid"":-683325700,""i"":""<<Immediate,Soldier,?l,t,1,>>"",""psn"":[15,11,21]}","210536","187","535","SUCCESS","0.2300000000000182"
"283.9404311266427","284.1704311266427","31","39","{""a"":""in"",""s"":15,""nid"":-683325700,""i"":""<<Immediate,Soldier,?l,t,1,>>"",""psn"":[15,11,31]}","310526","187","525","SUCCESS","0.2300000000000182"
"283.9404311266427","284.1704311266427","31","51","{""a"":""in"",""s"":15,""nid"":-683325700,""i"":""<<Immediate,Soldier,?l,t,1,>>"",""psn"":[15,11,31]}","310528","187","527","SUCCESS","0.2300000000000182"
"283.9404311266427","284.1704311266427","41","45","{""a"":""in"",""s"":15,""nid"":-683325700,""i"":""<<Immediate,Soldier,?l,t,1,>>"",""psn"":[15,11,41]}","410546","187","545","SUCCESS","0.2300000000000182"
"283.9404311266427","284.1704311266427","31","33","{""a"":""in"",""s"":15,""nid"":-683325700,""i"":""<<Immediate,Soldier,?l,t,1,>>"",""psn"":[15,11,31]}","310520","187","519","SUCCESS","0.2300000000000182"
"283.9404311266427","284.1704311266427","51","59","{""a"":""in"",""s"":15,""nid"":-683325700,""i"":""<<Immediate,Soldier,?l,t,1,>>"",""psn"":[15,11,51]}","510516","187","515","SUCCESS","0.2300000000000182"
"283.9404311266427","284.1704311266427","41","47","{""a"":""in"",""s"":15,""nid"":-683325700,""i"":""<<Immediate,Soldier,?l,t,1,>>"",""psn"":[15,11,41]}","410548","187","547","SUCCESS","0.2300000000000182"
"283.9404311266427","284.1704311266427","41","44","{""a"":""in"",""s"":15,""nid"":-683325700,""i"":""<<Immediate,Soldier,?l,t,1,>>"",""psn"":[15,11,41]}","410545","187","544","SUCCESS","0.2300000000000182"
"283.9404311266427","284.1704311266427","21","29","{""a"":""in"",""s"":15,""nid"":-683325700,""i"":""<<Immediate,Soldier,?l,t,1,>>"",""psn"":[15,11,21]}","210541","187","540","SUCCESS","0.2300000000000182"
"283.9404311266427","284.1704311266427","21","28","{""a"":""in"",""s"":15,""nid"":-683325700,""i"":""<<Immediate,Soldier,?l,t,1,>>"",""psn"":[15,11,21]}","210540","187","539","SUCCESS","0.2300000000000182"
"283.9404311266427","284.1704311266427","41","46","{""a"":""in"",""s"":15,""nid"":-683325700,""i"":""<<Immediate,Soldier,?l,t,1,>>"",""psn"":[15,11,41]}","410547","187","546","SUCCESS","0.2300000000000182"
"283.9404311266427","284.1704311266427","21","210","{""a"":""in"",""s"":15,""nid"":-683325700,""i"":""<<Immediate,Soldier,?l,t,1,>>"",""psn"":[15,11,21]}","210532","187","531","SUCCESS","0.2300000000000182"
"283.9404311266427","284.1704311266427","41","410","{""a"":""in"",""s"":15,""nid"":-683325700,""i"":""<<Immediate,Soldier,?l,t,1,>>"",""psn"":[15,11,41]}","410553","187","552","SUCCESS","0.2300000000000182"
"283.9404311266427","284.1704311266427","21","41","{""a"":""in"",""s"":15,""nid"":-683325700,""i"":""<<Immediate,Soldier,?l,t,1,>>"",""psn"":[15,11,21]}","210531","187","530","SUCCESS","0.2300000000000182"
"283.9404311266427","284.1704311266427","51","41","{""a"":""in"",""s"":15,""nid"":-683325700,""i"":""<<Immediate,Soldier,?l,t,1,>>"",""psn"":[15,11,51]}","510507","187","506","SUCCESS","0.2300000000000182"
"283.9404311266427","284.1704311266427","31","35","{""a"":""in"",""s"":15,""nid"":-683325700,""i"":""<<Immediate,Soldier,?l,t,1,>>"",""psn"":[15,11,31]}","310522","187","521","SUCCESS","0.2300000000000182"
"283.9404311266427","284.1704311266427","31","32","{""a"":""in"",""s"":15,""nid"":-683325700,""i"":""<<Immediate,Soldier,?l,t,1,>>"",""psn"":[15,11,31]}","310519","187","518","SUCCESS","0.2300000000000182"
"283.9404311266427","284.1704311266427","31","41","{""a"":""in"",""s"":15,""nid"":-683325700,""i"":""<<Immediate,Soldier,?l,t,1,>>"",""psn"":[15,11,31]}","310527","187","526","SUCCESS","0.2300000000000182"
"283.9404311266427","284.1704311266427","31","38","{""a"":""in"",""s"":15,""nid"":-683325700,""i"":""<<Immediate,Soldier,?l,t,1,>>"",""psn"":[15,11,31]}","310525","187","524","SUCCESS","0.2300000000000182"
"283.9404311266427","284.1704311266427","51","21","{""a"":""in"",""s"":15,""nid"":-683325700,""i"":""<<Immediate,Soldier,?l,t,1,>>"",""psn"":[15,11,51]}","510510","187","509","SUCCESS","0.2300000000000182"
"283.9404311266427","284.1704311266427","51","52","{""a"":""in"",""s"":15,""nid"":-683325700,""i"":""<<Immediate,Soldier,?l,t,1,>>"",""psn"":[15,11,51]}","510508","187","507","SUCCESS","0.2300000000000182"
"283.9404311266427","284.1704311266427","41","43","{""a"":""in"",""s"":15,""nid"":-683325700,""i"":""<<Immediate,Soldier,?l,t,1,>>"",""psn"":[15,11,41]}","410544","187","543","SUCCESS","0.2300000000000182"
"283.9404311266427","284.1704311266427","31","310","{""a"":""in"",""s"":15,""nid"":-683325700,""i"":""<<Immediate,Soldier,?l,t,1,>>"",""psn"":[15,11,31]}","310530","187","529","SUCCESS","0.2300000000000182"
"283.9404311266427","284.1704311266427","51","54","{""a"":""in"",""s"":15,""nid"":-683325700,""i"":""<<Immediate,Soldier,?l,t,1,>>"",""psn"":[15,11,51]}","510511","187","510","SUCCESS","0.2300000000000182"
"283.9404311266427","284.1704311266427","51","510","{""a"":""in"",""s"":15,""nid"":-683325700,""i"":""<<Immediate,Soldier,?l,t,1,>>"",""psn"":[15,11,51]}","510517","187","516","SUCCESS","0.2300000000000182"
"283.9404311266427","284.1704311266427","51","58","{""a"":""in"",""s"":15,""nid"":-683325700,""i"":""<<Immediate,Soldier,?l,t,1,>>"",""psn"":[15,11,51]}","510515","187","514","SUCCESS","0.2300000000000182"
"284.1704311266427","284.40043112664273","43","46","{""a"":""in"",""s"":15,""nid"":-683325700,""i"":""<<Immediate,Soldier,?l,t,1,>>"",""psn"":[15,11,41,43]}","430809","190","808","SUCCESS","0.2300000000000182"
"284.1704311266427","284.40043112664273","29","26","{""a"":""in"",""s"":15,""nid"":-683325700,""i"":""<<Immediate,Soldier,?l,t,1,>>"",""psn"":[15,11,21,29]}","290736","190","735","SUCCESS","0.2300000000000182"
"284.1704311266427","284.40043112664273","34","32","{""a"":""in"",""s"":15,""nid"":-683325700,""i"":""<<Immediate,Soldier,?l,t,1,>>"",""psn"":[15,11,31,34]}","340619","190","618","SUCCESS","0.2300000000000182"
"284.1704311266427","284.40043112664273","46","43","{""a"":""in"",""s"":15,""nid"":-683325700,""i"":""<<Immediate,Soldier,?l,t,1,>>"",""psn"":[15,11,41,46]}","460751","190","750","SUCCESS","0.2300000000000182"
"284.1704311266427","284.40043112664273","28","25","{""a"":""in"",""s"":15,""nid"":-683325700,""i"":""<<Immediate,Soldier,?l,t,1,>>"",""psn"":[15,11,21,28]}","280743","190","742","SUCCESS","0.2300000000000182"
"284.1704311266427","284.40043112664273","54","57","{""a"":""in"",""s"":15,""nid"":-683325700,""i"":""<<Immediate,Soldier,?l,t,1,>>"",""psn"":[15,11,51,54]}","540823","190","822","SUCCESS","0.2300000000000182"
"284.1704311266427","284.40043112664273","310","37","{""a"":""in"",""s"":15,""nid"":-683325700,""i"":""<<Immediate,Soldier,?l,t,1,>>"",""psn"":[15,11,31,310]}","3100816","191","815","SUCCESS","0.2300000000000182"
"284.1704311266427","284.40043112664273","510","59","{""a"":""in"",""s"":15,""nid"":-683325700,""i"":""<<Immediate,Soldier,?l,t,1,>>"",""psn"":[15,11,51,510]}","5100834","191","833","SUCCESS","0.2300000000000182"
"284.1704311266427","284.40043112664273","310","34","{""a"":""in"",""s"":15,""nid"":-683325700,""i"":""<<Immediate,Soldier,?l,t,1,>>"",""psn"":[15,11,31,310]}","3100813","191","812","SUCCESS","0.2300000000000182"
"284.1704311266427","284.40043112664273","43","42","{""a"":""in"",""s"":15,""nid"":-683325700,""i"":""<<Immediate,Soldier,?l,t,1,>>"",""psn"":[15,11,41,43]}","430805","190","804","SUCCESS","0.2300000000000182"
"284.1704311266427","284.40043112664273","57","59","{""a"":""in"",""s"":15,""nid"":-683325700,""i"":""<<Immediate,Soldier,?l,t,1,>>"",""psn"":[15,11,51,57]}","570665","190","664","SUCCESS","0.2300000000000182"
"284.1704311266427","284.40043112664273","34","36","{""a"":""in"",""s"":15,""nid"":-683325700,""i"":""<<Immediate,Soldier,?l,t,1,>>"",""psn"":[15,11,31,34]}","340622","190","621","SUCCESS","0.2300000000000182"
"284.1704311266427","284.40043112664273","27","26","{""a"":""in"",""s"":15,""nid"":-683325700,""i"":""<<Immediate,Soldier,?l,t,1,>>"",""psn"":[15,11,21,27]}","270648","190","647","SUCCESS","0.2300000000000182"
"284.1704311266427","284.40043112664273","35","34","{""a"":""in"",""s"":15,""nid"":-683325700,""i"":""<<Immediate,Soldier,?l,t,1,>>"",""psn"":[15,11,31,35]}","350773","190","772","SUCCESS","0.2300000000000182"
"284.1704311266427","284.40043112664273","25","24","{""a"":""in"",""s"":15,""nid"":-683325700,""i"":""<<Immediate,Soldier,?l,t,1,>>"",""psn"":[15,11,21,25]}","250590","190","589","SUCCESS","0.2300000000000182"
"284.1704311266427","284.40043112664273","210","25","{""a"":""in"",""s"":15,""nid"":-683325700,""i"":""<<Immediate,Soldier,?l,t,1,>>"",""psn"":[15,11,21,210]}","2100758","191","757","SUCCESS","0.2300000000000182"
"284.1704311266427","284.40043112664273","48","45","{""a"":""in"",""s"":15,""nid"":-683325700,""i"":""<<Immediate,Soldier,?l,t,1,>>"",""psn"":[15,11,41,48]}","480584","190","583","SUCCESS","0.2300000000000182"
"284.1704311266427","284.40043112664273","210","27","{""a"":""in"",""s"":15,""nid"":-683325700,""i"":""<<Immediate,Soldier,?l,t,1,>>"",""psn"":[15,11,21,210]}","2100760","191","759","SUCCESS","0.2300000000000182"
"284.1704311266427","284.40043112664273","56","53","{""a"":""in"",""s"":15,""nid"":-683325700,""i"":""<<Immediate,Soldier,?l,t,1,>>"",""psn"":[15,11,51,56]}","560604","190","603","SUCCESS","0.2300000000000182"
"284.1704311266427","284.40043112664273","58","510","{""a"":""in"",""s"":15,""nid"":-683325700,""i"":""<<Immediate,Soldier,?l,t,1,>>"",""psn"":[15,11,51,58]}","580842","190","841","SUCCESS","0.2300000000000182"
"284.1704311266427","284.40043112664273","52","53","{""a"":""in"",""s"":15,""nid"":-683325700,""i"":""<<Immediate,Soldier,?l,t,1,>>"",""psn"":[15,11,51,52]}","520795","190","794","SUCCESS","0.2300000000000182"
"284.1704311266427","284.40043112664273","36","32","{""a"":""in"",""s"":15,""nid"":-683325700,""i"":""<<Immediate,Soldier,?l,t,1,>>"",""psn"":[15,11,31,36]}","360667","190","666","SUCCESS","0.2300000000000182"
"284.1704311266427","284.40043112664273","56","59","{""a"":""in"",""s"":15,""nid"":-683325700,""i"":""<<Immediate,Soldier,?l,t,1,>>"",""psn"":[15,11,51,56]}","560609","190","608","SUCCESS","0.2300000000000182"
"284.1704311266427","284.40043112664273","310","33","{""a"":""in"",""s"":15,""nid"":-683325700,""i"":""<<Immediate,Soldier,?l,t,1,>>"",""psn"":[15,11,31,310]}","3100812","191","811","SUCCESS","0.2300000000000182"
"284.1704311266427","284.40043112664273","43","410","{""a"":""in"",""s"":15,""nid"":-683325700,""i"":""<<Immediate,Soldier,?l,t,1,>>"",""psn"":[15,11,41,43]}","430806","190","805","SUCCESS","0.2300000000000182"
"284.1704311266427","284.40043112664273","38","32","{""a"":""in"",""s"":15,""nid"":-683325700,""i"":""<<Immediate,Soldier,?l,t,1,>>"",""psn"":[15,11,31,38]}","380787","190","786","SUCCESS","0.2300000000000182"
"284.1704311266427","284.40043112664273","55","59","{""a"":""in"",""s"":15,""nid"":-683325700,""i"":""<<Immediate,Soldier,?l,t,1,>>"",""psn"":[15,11,51,55]}","550633","190","632","SUCCESS","0.2300000000000182"
"284.1704311266427","284.40043112664273","52","55","{""a"":""in"",""s"":15,""nid"":-683325700,""i"":""<<Immediate,Soldier,?l,t,1,>>"",""psn"":[15,11,51,52]}","520797","190","796","SUCCESS","0.2300000000000182"
"284.1704311266427","284.40043112664273","38","34","{""a"":""in"",""s"":15,""nid"":-683325700,""i"":""<<Immediate,Soldier,?l,t,1,>>"",""psn"":[15,11,31,38]}","380789","190","788","SUCCESS","0.2300000000000182"
"284.1704311266427","284.40043112664273","42","48","{""a"":""in"",""s"":15,""nid"":-683325700,""i"":""<<Immediate,Soldier,?l,t,1,>>"",""psn"":[15,11,41,42]}","420611","190","610","SUCCESS","0.2300000000000182"
"284.1704311266427","284.40043112664273","43","48","{""a"":""in"",""s"":15,""nid"":-683325700,""i"":""<<Immediate,Soldier,?l,t,1,>>"",""psn"":[15,11,41,43]}","430803","190","802","SUCCESS","0.2300000000000182"
"284.1704311266427","284.40043112664273","48","46","{""a"":""in"",""s"":15,""nid"":-683325700,""i"":""<<Immediate,Soldier,?l,t,1,>>"",""psn"":[15,11,41,48]}","480585","190","584","SUCCESS","0.2300000000000182"
"284.1704311266427","284.40043112664273","32","33","{""a"":""in"",""s"":15,""nid"":-683325700,""i"":""<<Immediate,Soldier,?l,t,1,>>"",""psn"":[15,11,31,32]}","320779","190","778","SUCCESS","0.2300000000000182"
"284.1704311266427","284.40043112664273","23","29","{""a"":""in"",""s"":15,""nid"":-683325700,""i"":""<<Immediate,Soldier,?l,t,1,>>"",""psn"":[15,11,21,23]}","230570","190","569","SUCCESS","0.2300000000000182"
"284.1704311266427","284.40043112664273","38","36","{""a"":""in"",""s"":15,""nid"":-683325700,""i"":""<<Immediate,Soldier,?l,t,1,>>"",""psn"":[15,11,31,38]}","380791","190","790","SUCCESS","0.2300000000000182"
"284.1704311266427","284.40043112664273","37","38","{""a"":""in"",""s"":15,""nid"":-683325700,""i"":""<<Immediate,Soldier,?l,t,1,>>"",""psn"":[15,11,31,37]}","370576","190","575","SUCCESS","0.2300000000000182"
"284.1704311266427","284.40043112664273","56","54","{""a"":""in"",""s"":15,""nid"":-683325700,""i"":""<<Immediate,Soldier,?l,t,1,>>"",""psn"":[15,11,51,56]}","560605","190","604","SUCCESS","0.2300000000000182"
"284.1704311266427","284.40043112664273","32","34","{""a"":""in"",""s"":15,""nid"":-683325700,""i"":""<<Immediate,Soldier,?l,t,1,>>"",""psn"":[15,11,31,32]}","320780","190","779","SUCCESS","0.2300000000000182"
"284.1704311266427","284.40043112664273","52","54","{""a"":""in"",""s"":15,""nid"":-683325700,""i"":""<<Immediate,Soldier,?l,t,1,>>"",""psn"":[15,11,51,52]}","520796","190","795","SUCCESS","0.2300000000000182"
"284.1704311266427","284.40043112664273","34","39","{""a"":""in"",""s"":15,""nid"":-683325700,""i"":""<<Immediate,Soldier,?l,t,1,>>"",""psn"":[15,11,31,34]}","340626","190","625","SUCCESS","0.2300000000000182"
"284.1704311266427","284.40043112664273","410","43","{""a"":""in"",""s"":15,""nid"":-683325700,""i"":""<<Immediate,Soldier,?l,t,1,>>"",""psn"":[15,11,41,410]}","4100766","191","765","SUCCESS","0.2300000000000182"
"284.1704311266427","284.40043112664273","49","44","{""a"":""in"",""s"":15,""nid"":-683325700,""i"":""<<Immediate,Soldier,?l,t,1,>>"",""psn"":[15,11,41,49]}","490599","190","598","SUCCESS","0.2300000000000182"
"284.1704311266427","284.40043112664273","54","52","{""a"":""in"",""s"":15,""nid"":-683325700,""i"":""<<Immediate,Soldier,?l,t,1,>>"",""psn"":[15,11,51,54]}","540819","190","818","SUCCESS","0.2300000000000182"
"284.1704311266427","284.40043112664273","310","32","{""a"":""in"",""s"":15,""nid"":-683325700,""i"":""<<Immediate,Soldier,?l,t,1,>>"",""psn"":[15,11,31,310]}","3100811","191","810","SUCCESS","0.2300000000000182"
"284.1704311266427","284.40043112664273","35","36","{""a"":""in"",""s"":15,""nid"":-683325700,""i"":""<<Immediate,Soldier,?l,t,1,>>"",""psn"":[15,11,31,35]}","350774","190","773","SUCCESS","0.2300000000000182"
"284.1704311266427","284.40043112664273","410","48","{""a"":""in"",""s"":15,""nid"":-683325700,""i"":""<<Immediate,Soldier,?l,t,1,>>"",""psn"":[15,11,41,410]}","4100763","191","762","SUCCESS","0.2300000000000182"
"284.1704311266427","284.40043112664273","48","410","{""a"":""in"",""s"":15,""nid"":-683325700,""i"":""<<Immediate,Soldier,?l,t,1,>>"",""psn"":[15,11,41,48]}","480581","190","580","SUCCESS","0.2300000000000182"
"284.1704311266427","284.40043112664273","49","46","{""a"":""in"",""s"":15,""nid"":-683325700,""i"":""<<Immediate,Soldier,?l,t,1,>>"",""psn"":[15,11,41,49]}","490601","190","600","SUCCESS","0.2300000000000182"
"284.1704311266427","284.40043112664273","49","42","{""a"":""in"",""s"":15,""nid"":-683325700,""i"":""<<Immediate,Soldier,?l,t,1,>>"",""psn"":[15,11,41,49]}","490596","190","595","SUCCESS","0.2300000000000182"
"284.1704311266427","284.40043112664273","46","42","{""a"":""in"",""s"":15,""nid"":-683325700,""i"":""<<Immediate,Soldier,?l,t,1,>>"",""psn"":[15,11,41,46]}","460749","190","748","SUCCESS","0.2300000000000182"
"284.1704311266427","284.40043112664273","56","55","{""a"":""in"",""s"":15,""nid"":-683325700,""i"":""<<Immediate,Soldier,?l,t,1,>>"",""psn"":[15,11,51,56]}","560606","190","605","SUCCESS","0.2300000000000182"
"284.1704311266427","284.40043112664273","510","52","{""a"":""in"",""s"":15,""nid"":-683325700,""i"":""<<Immediate,Soldier,?l,t,1,>>"",""psn"":[15,11,51,510]}","5100827","191","826","SUCCESS","0.2300000000000182"
"284.1704311266427","284.40043112664273","32","38","{""a"":""in"",""s"":15,""nid"":-683325700,""i"":""<<Immediate,Soldier,?l,t,1,>>"",""psn"":[15,11,31,32]}","320784","190","783","SUCCESS","0.2300000000000182"
"284.1704311266427","284.40043112664273","46","44","{""a"":""in"",""s"":15,""nid"":-683325700,""i"":""<<Immediate,Soldier,?l,t,1,>>"",""psn"":[15,11,41,46]}","460752","190","751","SUCCESS","0.2300000000000182"
"284.1704311266427","284.40043112664273","54","510","{""a"":""in"",""s"":15,""nid"":-683325700,""i"":""<<Immediate,Soldier,?l,t,1,>>"",""psn"":[15,11,51,54]}","540826","190","825","SUCCESS","0.2300000000000182"
"284.1704311266427","284.40043112664273","49","47","{""a"":""in"",""s"":15,""nid"":-683325700,""i"":""<<Immediate,Soldier,?l,t,1,>>"",""psn"":[15,11,41,49]}","490602","190","601","SUCCESS","0.2300000000000182"
"284.1704311266427","284.40043112664273","49","48","{""a"":""in"",""s"":15,""nid"":-683325700,""i"":""<<Immediate,Soldier,?l,t,1,>>"",""psn"":[15,11,41,49]}","490595","190","594","SUCCESS","0.2300000000000182"
"284.1704311266427","284.40043112664273","510","54","{""a"":""in"",""s"":15,""nid"":-683325700,""i"":""<<Immediate,Soldier,?l,t,1,>>"",""psn"":[15,11,51,510]}","5100829","191","828","SUCCESS","0.2300000000000182"
"284.1704311266427","284.40043112664273","210","26","{""a"":""in"",""s"":15,""nid"":-683325700,""i"":""<<Immediate,Soldier,?l,t,1,>>"",""psn"":[15,11,21,210]}","2100759","191","758","SUCCESS","0.2300000000000182"
"284.1704311266427","284.40043112664273","510","57","{""a"":""in"",""s"":15,""nid"":-683325700,""i"":""<<Immediate,Soldier,?l,t,1,>>"",""psn"":[15,11,51,510]}","5100832","191","831","SUCCESS","0.2300000000000182"
"284.1704311266427","284.40043112664273","58","53","{""a"":""in"",""s"":15,""nid"":-683325700,""i"":""<<Immediate,Soldier,?l,t,1,>>"",""psn"":[15,11,51,58]}","580836","190","835","SUCCESS","0.2300000000000182"
"284.1704311266427","284.40043112664273","25","28","{""a"":""in"",""s"":15,""nid"":-683325700,""i"":""<<Immediate,Soldier,?l,t,1,>>"",""psn"":[15,11,21,25]}","250593","190","592","SUCCESS","0.2300000000000182"
"284.1704311266427","284.40043112664273","210","22","{""a"":""in"",""s"":15,""nid"":-683325700,""i"":""<<Immediate,Soldier,?l,t,1,>>"",""psn"":[15,11,21,210]}","2100755","191","754","SUCCESS","0.2300000000000182"
"284.1704311266427","284.40043112664273","46","47","{""a"":""in"",""s"":15,""nid"":-683325700,""i"":""<<Immediate,Soldier,?l,t,1,>>"",""psn"":[15,11,41,46]}","460754","190","753","SUCCESS","0.2300000000000182"
"284.1704311266427","284.40043112664273","410","47","{""a"":""in"",""s"":15,""nid"":-683325700,""i"":""<<Immediate,Soldier,?l,t,1,>>"",""psn"":[15,11,41,410]}","4100770","191","769","SUCCESS","0.2300000000000182"
"284.1704311266427","284.40043112664273","210","23","{""a"":""in"",""s"":15,""nid"":-683325700,""i"":""<<Immediate,Soldier,?l,t,1,>>"",""psn"":[15,11,21,210]}","2100756","191","755","SUCCESS","0.2300000000000182"
"284.1704311266427","284.40043112664273","28","24","{""a"":""in"",""s"":15,""nid"":-683325700,""i"":""<<Immediate,Soldier,?l,t,1,>>"",""psn"":[15,11,21,28]}","280742","190","741","SUCCESS","0.2300000000000182"
"284.1704311266427","284.40043112664273","25","27","{""a"":""in"",""s"":15,""nid"":-683325700,""i"":""<<Immediate,Soldier,?l,t,1,>>"",""psn"":[15,11,21,25]}","250592","190","591","SUCCESS","0.2300000000000182"
"284.1704311266427","284.40043112664273","48","47","{""a"":""in"",""s"":15,""nid"":-683325700,""i"":""<<Immediate,Soldier,?l,t,1,>>"",""psn"":[15,11,41,48]}","480586","190","585","SUCCESS","0.2300000000000182"
"284.1704311266427","284.40043112664273","23","26","{""a"":""in"",""s"":15,""nid"":-683325700,""i"":""<<Immediate,Soldier,?l,t,1,>>"",""psn"":[15,11,21,23]}","230567","190","566","SUCCESS","0.2300000000000182"
"284.1704311266427","284.40043112664273","28","26","{""a"":""in"",""s"":15,""nid"":-683325700,""i"":""<<Immediate,Soldier,?l,t,1,>>"",""psn"":[15,11,21,28]}","280744","190","743","SUCCESS","0.2300000000000182"
"284.1704311266427","284.40043112664273","46","49","{""a"":""in"",""s"":15,""nid"":-683325700,""i"":""<<Immediate,Soldier,?l,t,1,>>"",""psn"":[15,11,41,46]}","460748","190","747","SUCCESS","0.2300000000000182"
"284.1704311266427","284.40043112664273","56","52","{""a"":""in"",""s"":15,""nid"":-683325700,""i"":""<<Immediate,Soldier,?l,t,1,>>"",""psn"":[15,11,51,56]}","560603","190","602","SUCCESS","0.2300000000000182"
"284.1704311266427","284.40043112664273","56","57","{""a"":""in"",""s"":15,""nid"":-683325700,""i"":""<<Immediate,Soldier,?l,t,1,>>"",""psn"":[15,11,51,56]}","560607","190","606","SUCCESS","0.2300000000000182"
"284.1704311266427","284.40043112664273","410","44","{""a"":""in"",""s"":15,""nid"":-683325700,""i"":""<<Immediate,Soldier,?l,t,1,>>"",""psn"":[15,11,41,410]}","4100767","191","766","SUCCESS","0.2300000000000182"
"284.1704311266427","284.40043112664273","49","43","{""a"":""in"",""s"":15,""nid"":-683325700,""i"":""<<Immediate,Soldier,?l,t,1,>>"",""psn"":[15,11,41,49]}","490598","190","597","SUCCESS","0.2300000000000182"
"284.1704311266427","284.40043112664273","49","410","{""a"":""in"",""s"":15,""nid"":-683325700,""i"":""<<Immediate,Soldier,?l,t,1,>>"",""psn"":[15,11,41,49]}","490597","190","596","SUCCESS","0.2300000000000182"
"284.1704311266427","284.40043112664273","46","410","{""a"":""in"",""s"":15,""nid"":-683325700,""i"":""<<Immediate,Soldier,?l,t,1,>>"",""psn"":[15,11,41,46]}","460750","190","749","SUCCESS","0.2300000000000182"
"284.1704311266427","284.40043112664273","46","45","{""a"":""in"",""s"":15,""nid"":-683325700,""i"":""<<Immediate,Soldier,?l,t,1,>>"",""psn"":[15,11,41,46]}","460753","190","752","SUCCESS","0.2300000000000182"
"284.1704311266427","284.40043112664273","410","42","{""a"":""in"",""s"":15,""nid"":-683325700,""i"":""<<Immediate,Soldier,?l,t,1,>>"",""psn"":[15,11,41,410]}","4100765","191","764","SUCCESS","0.2300000000000182"
"284.1704311266427","284.40043112664273","210","24","{""a"":""in"",""s"":15,""nid"":-683325700,""i"":""<<Immediate,Soldier,?l,t,1,>>"",""psn"":[15,11,21,210]}","2100757","191","756","SUCCESS","0.2300000000000182"
"284.1704311266427","284.40043112664273","34","310","{""a"":""in"",""s"":15,""nid"":-683325700,""i"":""<<Immediate,Soldier,?l,t,1,>>"",""psn"":[15,11,31,34]}","340625","190","624","SUCCESS","0.2300000000000182"
"284.1704311266427","284.40043112664273","32","35","{""a"":""in"",""s"":15,""nid"":-683325700,""i"":""<<Immediate,Soldier,?l,t,1,>>"",""psn"":[15,11,31,32]}","320781","190","780","SUCCESS","0.2300000000000182"
"284.1704311266427","284.40043112664273","35","33","{""a"":""in"",""s"":15,""nid"":-683325700,""i"":""<<Immediate,Soldier,?l,t,1,>>"",""psn"":[15,11,31,35]}","350772","190","771","SUCCESS","0.2300000000000182"
"284.1704311266427","284.40043112664273","310","39","{""a"":""in"",""s"":15,""nid"":-683325700,""i"":""<<Immediate,Soldier,?l,t,1,>>"",""psn"":[15,11,31,310]}","3100818","191","817","SUCCESS","0.2300000000000182"
"284.1704311266427","284.40043112664273","29","22","{""a"":""in"",""s"":15,""nid"":-683325700,""i"":""<<Immediate,Soldier,?l,t,1,>>"",""psn"":[15,11,21,29]}","290732","190","731","SUCCESS","0.2300000000000182"
"284.1704311266427","284.40043112664273","48","42","{""a"":""in"",""s"":15,""nid"":-683325700,""i"":""<<Immediate,Soldier,?l,t,1,>>"",""psn"":[15,11,41,48]}","480580","190","579","SUCCESS","0.2300000000000182"
"284.1704311266427","284.40043112664273","28","22","{""a"":""in"",""s"":15,""nid"":-683325700,""i"":""<<Immediate,Soldier,?l,t,1,>>"",""psn"":[15,11,21,28]}","280740","190","739","SUCCESS","0.2300000000000182"
"284.1704311266427","284.40043112664273","47","48","{""a"":""in"",""s"":15,""nid"":-683325700,""i"":""<<Immediate,Soldier,?l,t,1,>>"",""psn"":[15,11,41,47]}","470715","190","714","SUCCESS","0.2300000000000182"
"284.1704311266427","284.40043112664273","44","43","{""a"":""in"",""s"":15,""nid"":-683325700,""i"":""<<Immediate,Soldier,?l,t,1,>>"",""psn"":[15,11,41,44]}","440727","190","726","SUCCESS","0.2300000000000182"
"284.1704311266427","284.40043112664273","59","57","{""a"":""in"",""s"":15,""nid"":-683325700,""i"":""<<Immediate,Soldier,?l,t,1,>>"",""psn"":[15,11,51,59]}","590712","190","711","SUCCESS","0.2300000000000182"
"284.1704311266427","284.40043112664273","32","310","{""a"":""in"",""s"":15,""nid"":-683325700,""i"":""<<Immediate,Soldier,?l,t,1,>>"",""psn"":[15,11,31,32]}","320785","190","784","SUCCESS","0.2300000000000182"
"284.1704311266427","284.40043112664273","37","36","{""a"":""in"",""s"":15,""nid"":-683325700,""i"":""<<Immediate,Soldier,?l,t,1,>>"",""psn"":[15,11,31,37]}","370575","190","574","SUCCESS","0.2300000000000182"
"284.1704311266427","284.40043112664273","48","43","{""a"":""in"",""s"":15,""nid"":-683325700,""i"":""<<Immediate,Soldier,?l,t,1,>>"",""psn"":[15,11,41,48]}","480582","190","581","SUCCESS","0.2300000000000182"
"284.1704311266427","284.40043112664273","37","35","{""a"":""in"",""s"":15,""nid"":-683325700,""i"":""<<Immediate,Soldier,?l,t,1,>>"",""psn"":[15,11,31,37]}","370574","190","573","SUCCESS","0.2300000000000182"
"284.1704311266427","284.40043112664273","38","39","{""a"":""in"",""s"":15,""nid"":-683325700,""i"":""<<Immediate,Soldier,?l,t,1,>>"",""psn"":[15,11,31,38]}","380794","190","793","SUCCESS","0.2300000000000182"
"284.1704311266427","284.40043112664273","44","46","{""a"":""in"",""s"":15,""nid"":-683325700,""i"":""<<Immediate,Soldier,?l,t,1,>>"",""psn"":[15,11,41,44]}","440729","190","728","SUCCESS","0.2300000000000182"
"284.1704311266427","284.40043112664273","410","46","{""a"":""in"",""s"":15,""nid"":-683325700,""i"":""<<Immediate,Soldier,?l,t,1,>>"",""psn"":[15,11,41,410]}","4100769","191","768","SUCCESS","0.2300000000000182"
"284.1704311266427","284.40043112664273","59","52","{""a"":""in"",""s"":15,""nid"":-683325700,""i"":""<<Immediate,Soldier,?l,t,1,>>"",""psn"":[15,11,51,59]}","590707","190","706","SUCCESS","0.2300000000000182"
"284.1704311266427","284.40043112664273","49","45","{""a"":""in"",""s"":15,""nid"":-683325700,""i"":""<<Immediate,Soldier,?l,t,1,>>"",""psn"":[15,11,41,49]}","490600","190","599","SUCCESS","0.2300000000000182"
"284.1704311266427","284.40043112664273","47","45","{""a"":""in"",""s"":15,""nid"":-683325700,""i"":""<<Immediate,Soldier,?l,t,1,>>"",""psn"":[15,11,41,47]}","470721","190","720","SUCCESS","0.2300000000000182"
"284.1704311266427","284.40043112664273","59","58","{""a"":""in"",""s"":15,""nid"":-683325700,""i"":""<<Immediate,Soldier,?l,t,1,>>"",""psn"":[15,11,51,59]}","590713","190","712","SUCCESS","0.2300000000000182"
"284.1704311266427","284.40043112664273","37","32","{""a"":""in"",""s"":15,""nid"":-683325700,""i"":""<<Immediate,Soldier,?l,t,1,>>"",""psn"":[15,11,31,37]}","370571","190","570","SUCCESS","0.2300000000000182"
"284.1704311266427","284.40043112664273","28","23","{""a"":""in"",""s"":15,""nid"":-683325700,""i"":""<<Immediate,Soldier,?l,t,1,>>"",""psn"":[15,11,21,28]}","280741","190","740","SUCCESS","0.2300000000000182"
"284.1704311266427","284.40043112664273","29","25","{""a"":""in"",""s"":15,""nid"":-683325700,""i"":""<<Immediate,Soldier,?l,t,1,>>"",""psn"":[15,11,21,29]}","290735","190","734","SUCCESS","0.2300000000000182"
"284.1704311266427","284.40043112664273","59","54","{""a"":""in"",""s"":15,""nid"":-683325700,""i"":""<<Immediate,Soldier,?l,t,1,>>"",""psn"":[15,11,51,59]}","590709","190","708","SUCCESS","0.2300000000000182"
"284.1704311266427","284.40043112664273","45","46","{""a"":""in"",""s"":15,""nid"":-683325700,""i"":""<<Immediate,Soldier,?l,t,1,>>"",""psn"":[15,11,41,45]}","450697","190","696","SUCCESS","0.2300000000000182"
"284.1704311266427","284.40043112664273","45","44","{""a"":""in"",""s"":15,""nid"":-683325700,""i"":""<<Immediate,Soldier,?l,t,1,>>"",""psn"":[15,11,41,45]}","450696","190","695","SUCCESS","0.2300000000000182"
"284.1704311266427","284.40043112664273","29","210","{""a"":""in"",""s"":15,""nid"":-683325700,""i"":""<<Immediate,Soldier,?l,t,1,>>"",""psn"":[15,11,21,29]}","290731","190","730","SUCCESS","0.2300000000000182"
"284.1704311266427","284.40043112664273","37","34","{""a"":""in"",""s"":15,""nid"":-683325700,""i"":""<<Immediate,Soldier,?l,t,1,>>"",""psn"":[15,11,31,37]}","370573","190","572","SUCCESS","0.2300000000000182"
"284.1704311266427","284.40043112664273","45","49","{""a"":""in"",""s"":15,""nid"":-683325700,""i"":""<<Immediate,Soldier,?l,t,1,>>"",""psn"":[15,11,41,45]}","450692","190","691","SUCCESS","0.2300000000000182"
"284.1704311266427","284.40043112664273","23","25","{""a"":""in"",""s"":15,""nid"":-683325700,""i"":""<<Immediate,Soldier,?l,t,1,>>"",""psn"":[15,11,21,23]}","230566","190","565","SUCCESS","0.2300000000000182"
"284.1704311266427","284.40043112664273","59","56","{""a"":""in"",""s"":15,""nid"":-683325700,""i"":""<<Immediate,Soldier,?l,t,1,>>"",""psn"":[15,11,51,59]}","590711","190","710","SUCCESS","0.2300000000000182"
"284.1704311266427","284.40043112664273","48","44","{""a"":""in"",""s"":15,""nid"":-683325700,""i"":""<<Immediate,Soldier,?l,t,1,>>"",""psn"":[15,11,41,48]}","480583","190","582","SUCCESS","0.2300000000000182"
"284.1704311266427","284.40043112664273","33","36","{""a"":""in"",""s"":15,""nid"":-683325700,""i"":""<<Immediate,Soldier,?l,t,1,>>"",""psn"":[15,11,31,33]}","330702","190","701","SUCCESS","0.2300000000000182"
"284.1704311266427","284.40043112664273","39","36","{""a"":""in"",""s"":15,""nid"":-683325700,""i"":""<<Immediate,Soldier,?l,t,1,>>"",""psn"":[15,11,31,39]}","390687","190","686","SUCCESS","0.2300000000000182"
"284.1704311266427","284.40043112664273","28","29","{""a"":""in"",""s"":15,""nid"":-683325700,""i"":""<<Immediate,Soldier,?l,t,1,>>"",""psn"":[15,11,21,28]}","280746","190","745","SUCCESS","0.2300000000000182"
"284.1704311266427","284.40043112664273","45","43","{""a"":""in"",""s"":15,""nid"":-683325700,""i"":""<<Immediate,Soldier,?l,t,1,>>"",""psn"":[15,11,41,45]}","450695","190","694","SUCCESS","0.2300000000000182"
"284.1704311266427","284.40043112664273","24","27","{""a"":""in"",""s"":15,""nid"":-683325700,""i"":""<<Immediate,Soldier,?l,t,1,>>"",""psn"":[15,11,21,24]}","240680","190","679","SUCCESS","0.2300000000000182"
"284.1704311266427","284.40043112664273","33","38","{""a"":""in"",""s"":15,""nid"":-683325700,""i"":""<<Immediate,Soldier,?l,t,1,>>"",""psn"":[15,11,31,33]}","330704","190","703","SUCCESS","0.2300000000000182"
"284.1704311266427","284.40043112664273","24","23","{""a"":""in"",""s"":15,""nid"":-683325700,""i"":""<<Immediate,Soldier,?l,t,1,>>"",""psn"":[15,11,21,24]}","240677","190","676","SUCCESS","0.2300000000000182"
"284.1704311266427","284.40043112664273","45","48","{""a"":""in"",""s"":15,""nid"":-683325700,""i"":""<<Immediate,Soldier,?l,t,1,>>"",""psn"":[15,11,41,45]}","450691","190","690","SUCCESS","0.2300000000000182"
"284.1704311266427","284.40043112664273","24","25","{""a"":""in"",""s"":15,""nid"":-683325700,""i"":""<<Immediate,Soldier,?l,t,1,>>"",""psn"":[15,11,21,24]}","240678","190","677","SUCCESS","0.2300000000000182"
"284.1704311266427","284.40043112664273","24","210","{""a"":""in"",""s"":15,""nid"":-683325700,""i"":""<<Immediate,Soldier,?l,t,1,>>"",""psn"":[15,11,21,24]}","240675","190","674","SUCCESS","0.2300000000000182"
"284.1704311266427","284.40043112664273","53","54","{""a"":""in"",""s"":15,""nid"":-683325700,""i"":""<<Immediate,Soldier,?l,t,1,>>"",""psn"":[15,11,51,53]}","530556","190","555","SUCCESS","0.2300000000000182"
"284.1704311266427","284.40043112664273","23","22","{""a"":""in"",""s"":15,""nid"":-683325700,""i"":""<<Immediate,Soldier,?l,t,1,>>"",""psn"":[15,11,21,23]}","230564","190","563","SUCCESS","0.2300000000000182"
"284.1704311266427","284.40043112664273","36","38","{""a"":""in"",""s"":15,""nid"":-683325700,""i"":""<<Immediate,Soldier,?l,t,1,>>"",""psn"":[15,11,31,36]}","360672","190","671","SUCCESS","0.2300000000000182"
"284.1704311266427","284.40043112664273","53","52","{""a"":""in"",""s"":15,""nid"":-683325700,""i"":""<<Immediate,Soldier,?l,t,1,>>"",""psn"":[15,11,51,53]}","530555","190","554","SUCCESS","0.2300000000000182"
"284.1704311266427","284.40043112664273","45","42","{""a"":""in"",""s"":15,""nid"":-683325700,""i"":""<<Immediate,Soldier,?l,t,1,>>"",""psn"":[15,11,41,45]}","450693","190","692","SUCCESS","0.2300000000000182"
"284.1704311266427","284.40043112664273","45","47","{""a"":""in"",""s"":15,""nid"":-683325700,""i"":""<<Immediate,Soldier,?l,t,1,>>"",""psn"":[15,11,41,45]}","450698","190","697","SUCCESS","0.2300000000000182"
"284.1704311266427","284.40043112664273","39","38","{""a"":""in"",""s"":15,""nid"":-683325700,""i"":""<<Immediate,Soldier,?l,t,1,>>"",""psn"":[15,11,31,39]}","390689","190","688","SUCCESS","0.2300000000000182"
"284.1704311266427","284.40043112664273","36","34","{""a"":""in"",""s"":15,""nid"":-683325700,""i"":""<<Immediate,Soldier,?l,t,1,>>"",""psn"":[15,11,31,36]}","360669","190","668","SUCCESS","0.2300000000000182"
"284.1704311266427","284.40043112664273","24","29","{""a"":""in"",""s"":15,""nid"":-683325700,""i"":""<<Immediate,Soldier,?l,t,1,>>"",""psn"":[15,11,21,24]}","240682","190","681","SUCCESS","0.2300000000000182"
"284.1704311266427","284.40043112664273","57","55","{""a"":""in"",""s"":15,""nid"":-683325700,""i"":""<<Immediate,Soldier,?l,t,1,>>"",""psn"":[15,11,51,57]}","570662","190","661","SUCCESS","0.2300000000000182"
"284.1704311266427","284.40043112664273","36","37","{""a"":""in"",""s"":15,""nid"":-683325700,""i"":""<<Immediate,Soldier,?l,t,1,>>"",""psn"":[15,11,31,36]}","360671","190","670","SUCCESS","0.2300000000000182"
"284.1704311266427","284.40043112664273","23","210","{""a"":""in"",""s"":15,""nid"":-683325700,""i"":""<<Immediate,Soldier,?l,t,1,>>"",""psn"":[15,11,21,23]}","230563","190","562","SUCCESS","0.2300000000000182"
"284.1704311266427","284.40043112664273","29","27","{""a"":""in"",""s"":15,""nid"":-683325700,""i"":""<<Immediate,Soldier,?l,t,1,>>"",""psn"":[15,11,21,29]}","290737","190","736","SUCCESS","0.2300000000000182"
"284.1704311266427","284.40043112664273","28","210","{""a"":""in"",""s"":15,""nid"":-683325700,""i"":""<<Immediate,Soldier,?l,t,1,>>"",""psn"":[15,11,21,28]}","280739","190","738","SUCCESS","0.2300000000000182"
"284.1704311266427","284.40043112664273","57","52","{""a"":""in"",""s"":15,""nid"":-683325700,""i"":""<<Immediate,Soldier,?l,t,1,>>"",""psn"":[15,11,51,57]}","570659","190","658","SUCCESS","0.2300000000000182"
"284.1704311266427","284.40043112664273","23","28","{""a"":""in"",""s"":15,""nid"":-683325700,""i"":""<<Immediate,Soldier,?l,t,1,>>"",""psn"":[15,11,21,23]}","230569","190","568","SUCCESS","0.2300000000000182"
"284.1704311266427","284.40043112664273","29","23","{""a"":""in"",""s"":15,""nid"":-683325700,""i"":""<<Immediate,Soldier,?l,t,1,>>"",""psn"":[15,11,21,29]}","290733","190","732","SUCCESS","0.2300000000000182"
"284.1704311266427","284.40043112664273","45","410","{""a"":""in"",""s"":15,""nid"":-683325700,""i"":""<<Immediate,Soldier,?l,t,1,>>"",""psn"":[15,11,41,45]}","450694","190","693","SUCCESS","0.2300000000000182"
"284.1704311266427","284.40043112664273","27","29","{""a"":""in"",""s"":15,""nid"":-683325700,""i"":""<<Immediate,Soldier,?l,t,1,>>"",""psn"":[15,11,21,27]}","270650","190","649","SUCCESS","0.2300000000000182"
"284.1704311266427","284.40043112664273","36","33","{""a"":""in"",""s"":15,""nid"":-683325700,""i"":""<<Immediate,Soldier,?l,t,1,>>"",""psn"":[15,11,31,36]}","360668","190","667","SUCCESS","0.2300000000000182"
"284.1704311266427","284.40043112664273","44","45","{""a"":""in"",""s"":15,""nid"":-683325700,""i"":""<<Immediate,Soldier,?l,t,1,>>"",""psn"":[15,11,41,44]}","440728","190","727","SUCCESS","0.2300000000000182"
"284.1704311266427","284.40043112664273","57","53","{""a"":""in"",""s"":15,""nid"":-683325700,""i"":""<<Immediate,Soldier,?l,t,1,>>"",""psn"":[15,11,51,57]}","570660","190","659","SUCCESS","0.2300000000000182"
"284.1704311266427","284.40043112664273","26","28","{""a"":""in"",""s"":15,""nid"":-683325700,""i"":""<<Immediate,Soldier,?l,t,1,>>"",""psn"":[15,11,21,26]}","260641","190","640","SUCCESS","0.2300000000000182"
"284.1704311266427","284.40043112664273","410","49","{""a"":""in"",""s"":15,""nid"":-683325700,""i"":""<<Immediate,Soldier,?l,t,1,>>"",""psn"":[15,11,41,410]}","4100764","191","763","SUCCESS","0.2300000000000182"
"284.1704311266427","284.40043112664273","22","25","{""a"":""in"",""s"":15,""nid"":-683325700,""i"":""<<Immediate,Soldier,?l,t,1,>>"",""psn"":[15,11,21,22]}","220654","190","653","SUCCESS","0.2300000000000182"
"284.1704311266427","284.40043112664273","26","25","{""a"":""in"",""s"":15,""nid"":-683325700,""i"":""<<Immediate,Soldier,?l,t,1,>>"",""psn"":[15,11,21,26]}","260639","190","638","SUCCESS","0.2300000000000182"
"284.1704311266427","284.40043112664273","22","23","{""a"":""in"",""s"":15,""nid"":-683325700,""i"":""<<Immediate,Soldier,?l,t,1,>>"",""psn"":[15,11,21,22]}","220652","190","651","SUCCESS","0.2300000000000182"
"284.1704311266427","284.40043112664273","35","37","{""a"":""in"",""s"":15,""nid"":-683325700,""i"":""<<Immediate,Soldier,?l,t,1,>>"",""psn"":[15,11,31,35]}","350775","190","774","SUCCESS","0.2300000000000182"
"284.1704311266427","284.40043112664273","26","22","{""a"":""in"",""s"":15,""nid"":-683325700,""i"":""<<Immediate,Soldier,?l,t,1,>>"",""psn"":[15,11,21,26]}","260636","190","635","SUCCESS","0.2300000000000182"
"284.1704311266427","284.40043112664273","58","52","{""a"":""in"",""s"":15,""nid"":-683325700,""i"":""<<Immediate,Soldier,?l,t,1,>>"",""psn"":[15,11,51,58]}","580835","190","834","SUCCESS","0.2300000000000182"
"284.1704311266427","284.40043112664273","22","24","{""a"":""in"",""s"":15,""nid"":-683325700,""i"":""<<Immediate,Soldier,?l,t,1,>>"",""psn"":[15,11,21,22]}","220653","190","652","SUCCESS","0.2300000000000182"
"284.1704311266427","284.40043112664273","46","48","{""a"":""in"",""s"":15,""nid"":-683325700,""i"":""<<Immediate,Soldier,?l,t,1,>>"",""psn"":[15,11,41,46]}","460747","190","746","SUCCESS","0.2300000000000182"
"284.1704311266427","284.40043112664273","55","58","{""a"":""in"",""s"":15,""nid"":-683325700,""i"":""<<Immediate,Soldier,?l,t,1,>>"",""psn"":[15,11,51,55]}","550632","190","631","SUCCESS","0.2300000000000182"
"284.1704311266427","284.40043112664273","37","39","{""a"":""in"",""s"":15,""nid"":-683325700,""i"":""<<Immediate,Soldier,?l,t,1,>>"",""psn"":[15,11,31,37]}","370578","190","577","SUCCESS","0.2300000000000182"
"284.1704311266427","284.40043112664273","22","29","{""a"":""in"",""s"":15,""nid"":-683325700,""i"":""<<Immediate,Soldier,?l,t,1,>>"",""psn"":[15,11,21,22]}","220658","190","657","SUCCESS","0.2300000000000182"
"284.1704311266427","284.40043112664273","22","28","{""a"":""in"",""s"":15,""nid"":-683325700,""i"":""<<Immediate,Soldier,?l,t,1,>>"",""psn"":[15,11,21,22]}","220657","190","656","SUCCESS","0.2300000000000182"
"284.1704311266427","284.40043112664273","58","55","{""a"":""in"",""s"":15,""nid"":-683325700,""i"":""<<Immediate,Soldier,?l,t,1,>>"",""psn"":[15,11,51,58]}","580838","190","837","SUCCESS","0.2300000000000182"
"284.1704311266427","284.40043112664273","55","52","{""a"":""in"",""s"":15,""nid"":-683325700,""i"":""<<Immediate,Soldier,?l,t,1,>>"",""psn"":[15,11,51,55]}","550627","190","626","SUCCESS","0.2300000000000182"
"284.1704311266427","284.40043112664273","55","53","{""a"":""in"",""s"":15,""nid"":-683325700,""i"":""<<Immediate,Soldier,?l,t,1,>>"",""psn"":[15,11,51,55]}","550628","190","627","SUCCESS","0.2300000000000182"
"284.1704311266427","284.40043112664273","42","46","{""a"":""in"",""s"":15,""nid"":-683325700,""i"":""<<Immediate,Soldier,?l,t,1,>>"",""psn"":[15,11,41,42]}","420617","190","616","SUCCESS","0.2300000000000182"
"284.1704311266427","284.40043112664273","52","59","{""a"":""in"",""s"":15,""nid"":-683325700,""i"":""<<Immediate,Soldier,?l,t,1,>>"",""psn"":[15,11,51,52]}","520801","190","800","SUCCESS","0.2300000000000182"
"284.1704311266427","284.40043112664273","54","53","{""a"":""in"",""s"":15,""nid"":-683325700,""i"":""<<Immediate,Soldier,?l,t,1,>>"",""psn"":[15,11,51,54]}","540820","190","819","SUCCESS","0.2300000000000182"
"284.1704311266427","284.40043112664273","55","56","{""a"":""in"",""s"":15,""nid"":-683325700,""i"":""<<Immediate,Soldier,?l,t,1,>>"",""psn"":[15,11,51,55]}","550630","190","629","SUCCESS","0.2300000000000182"
"284.1704311266427","284.40043112664273","54","58","{""a"":""in"",""s"":15,""nid"":-683325700,""i"":""<<Immediate,Soldier,?l,t,1,>>"",""psn"":[15,11,51,54]}","540824","190","823","SUCCESS","0.2300000000000182"
"284.1704311266427","284.40043112664273","34","37","{""a"":""in"",""s"":15,""nid"":-683325700,""i"":""<<Immediate,Soldier,?l,t,1,>>"",""psn"":[15,11,31,34]}","340623","190","622","SUCCESS","0.2300000000000182"
"284.1704311266427","284.40043112664273","42","49","{""a"":""in"",""s"":15,""nid"":-683325700,""i"":""<<Immediate,Soldier,?l,t,1,>>"",""psn"":[15,11,41,42]}","420612","190","611","SUCCESS","0.2300000000000182"
"284.1704311266427","284.40043112664273","57","54","{""a"":""in"",""s"":15,""nid"":-683325700,""i"":""<<Immediate,Soldier,?l,t,1,>>"",""psn"":[15,11,51,57]}","570661","190","660","SUCCESS","0.2300000000000182"
"284.1704311266427","284.40043112664273","55","57","{""a"":""in"",""s"":15,""nid"":-683325700,""i"":""<<Immediate,Soldier,?l,t,1,>>"",""psn"":[15,11,51,55]}","550631","190","630","SUCCESS","0.2300000000000182"
"284.1704311266427","284.40043112664273","54","59","{""a"":""in"",""s"":15,""nid"":-683325700,""i"":""<<Immediate,Soldier,?l,t,1,>>"",""psn"":[15,11,51,54]}","540825","190","824","SUCCESS","0.2300000000000182"
"284.1704311266427","284.40043112664273","34","38","{""a"":""in"",""s"":15,""nid"":-683325700,""i"":""<<Immediate,Soldier,?l,t,1,>>"",""psn"":[15,11,31,34]}","340624","190","623","SUCCESS","0.2300000000000182"
"284.1704311266427","284.40043112664273","27","210","{""a"":""in"",""s"":15,""nid"":-683325700,""i"":""<<Immediate,Soldier,?l,t,1,>>"",""psn"":[15,11,21,27]}","270643","190","642","SUCCESS","0.2300000000000182"
"284.1704311266427","284.40043112664273","52","58","{""a"":""in"",""s"":15,""nid"":-683325700,""i"":""<<Immediate,Soldier,?l,t,1,>>"",""psn"":[15,11,51,52]}","520800","190","799","SUCCESS","0.2300000000000182"
"284.1704311266427","284.40043112664273","52","57","{""a"":""in"",""s"":15,""nid"":-683325700,""i"":""<<Immediate,Soldier,?l,t,1,>>"",""psn"":[15,11,51,52]}","520799","190","798","SUCCESS","0.2300000000000182"
"284.1704311266427","284.40043112664273","32","37","{""a"":""in"",""s"":15,""nid"":-683325700,""i"":""<<Immediate,Soldier,?l,t,1,>>"",""psn"":[15,11,31,32]}","320783","190","782","SUCCESS","0.2300000000000182"
"284.1704311266427","284.40043112664273","43","45","{""a"":""in"",""s"":15,""nid"":-683325700,""i"":""<<Immediate,Soldier,?l,t,1,>>"",""psn"":[15,11,41,43]}","430808","190","807","SUCCESS","0.2300000000000182"
"284.1704311266427","284.40043112664273","35","32","{""a"":""in"",""s"":15,""nid"":-683325700,""i"":""<<Immediate,Soldier,?l,t,1,>>"",""psn"":[15,11,31,35]}","350771","190","770","SUCCESS","0.2300000000000182"
"284.1704311266427","284.40043112664273","42","47","{""a"":""in"",""s"":15,""nid"":-683325700,""i"":""<<Immediate,Soldier,?l,t,1,>>"",""psn"":[15,11,41,42]}","420618","190","617","SUCCESS","0.2300000000000182"
"284.1704311266427","284.40043112664273","42","43","{""a"":""in"",""s"":15,""nid"":-683325700,""i"":""<<Immediate,Soldier,?l,t,1,>>"",""psn"":[15,11,41,42]}","420614","190","613","SUCCESS","0.2300000000000182"
"284.1704311266427","284.40043112664273","38","33","{""a"":""in"",""s"":15,""nid"":-683325700,""i"":""<<Immediate,Soldier,?l,t,1,>>"",""psn"":[15,11,31,38]}","380788","190","787","SUCCESS","0.2300000000000182"
"284.1704311266427","284.40043112664273","52","510","{""a"":""in"",""s"":15,""nid"":-683325700,""i"":""<<Immediate,Soldier,?l,t,1,>>"",""psn"":[15,11,51,52]}","520802","190","801","SUCCESS","0.2300000000000182"
"284.1704311266427","284.40043112664273","42","410","{""a"":""in"",""s"":15,""nid"":-683325700,""i"":""<<Immediate,Soldier,?l,t,1,>>"",""psn"":[15,11,41,42]}","420613","190","612","SUCCESS","0.2300000000000182"
"284.1704311266427","284.40043112664273","43","44","{""a"":""in"",""s"":15,""nid"":-683325700,""i"":""<<Immediate,Soldier,?l,t,1,>>"",""psn"":[15,11,41,43]}","430807","190","806","SUCCESS","0.2300000000000182"
"284.1704311266427","284.40043112664273","35","38","{""a"":""in"",""s"":15,""nid"":-683325700,""i"":""<<Immediate,Soldier,?l,t,1,>>"",""psn"":[15,11,31,35]}","350776","190","775","SUCCESS","0.2300000000000182"
"284.1704311266427","284.40043112664273","510","56","{""a"":""in"",""s"":15,""nid"":-683325700,""i"":""<<Immediate,Soldier,?l,t,1,>>"",""psn"":[15,11,51,510]}","5100831","191","830","SUCCESS","0.2300000000000182"
"284.1704311266427","284.40043112664273","42","45","{""a"":""in"",""s"":15,""nid"":-683325700,""i"":""<<Immediate,Soldier,?l,t,1,>>"",""psn"":[15,11,41,42]}","420616","190","615","SUCCESS","0.2300000000000182"
"284.1704311266427","284.40043112664273","26","27","{""a"":""in"",""s"":15,""nid"":-683325700,""i"":""<<Immediate,Soldier,?l,t,1,>>"",""psn"":[15,11,21,26]}","260640","190","639","SUCCESS","0.2300000000000182"
"284.1704311266427","284.40043112664273","38","37","{""a"":""in"",""s"":15,""nid"":-683325700,""i"":""<<Immediate,Soldier,?l,t,1,>>"",""psn"":[15,11,31,38]}","380792","190","791","SUCCESS","0.2300000000000182"
"284.1704311266427","284.40043112664273","32","36","{""a"":""in"",""s"":15,""nid"":-683325700,""i"":""<<Immediate,Soldier,?l,t,1,>>"",""psn"":[15,11,31,32]}","320782","190","781","SUCCESS","0.2300000000000182"
"284.1704311266427","284.40043112664273","38","35","{""a"":""in"",""s"":15,""nid"":-683325700,""i"":""<<Immediate,Soldier,?l,t,1,>>"",""psn"":[15,11,31,38]}","380790","190","789","SUCCESS","0.2300000000000182"
"284.1704311266427","284.40043112664273","34","33","{""a"":""in"",""s"":15,""nid"":-683325700,""i"":""<<Immediate,Soldier,?l,t,1,>>"",""psn"":[15,11,31,34]}","340620","190","619","SUCCESS","0.2300000000000182"
"284.1704311266427","284.40043112664273","43","49","{""a"":""in"",""s"":15,""nid"":-683325700,""i"":""<<Immediate,Soldier,?l,t,1,>>"",""psn"":[15,11,41,43]}","430804","190","803","SUCCESS","0.2300000000000182"
"284.1704311266427","284.40043112664273","42","44","{""a"":""in"",""s"":15,""nid"":-683325700,""i"":""<<Immediate,Soldier,?l,t,1,>>"",""psn"":[15,11,41,42]}","420615","190","614","SUCCESS","0.2300000000000182"
"284.1704311266427","284.40043112664273","55","54","{""a"":""in"",""s"":15,""nid"":-683325700,""i"":""<<Immediate,Soldier,?l,t,1,>>"",""psn"":[15,11,51,55]}","550629","190","628","SUCCESS","0.2300000000000182"
"284.1704311266427","284.40043112664273","58","57","{""a"":""in"",""s"":15,""nid"":-683325700,""i"":""<<Immediate,Soldier,?l,t,1,>>"",""psn"":[15,11,51,58]}","580840","190","839","SUCCESS","0.2300000000000182"
"284.1704311266427","284.40043112664273","52","56","{""a"":""in"",""s"":15,""nid"":-683325700,""i"":""<<Immediate,Soldier,?l,t,1,>>"",""psn"":[15,11,51,52]}","520798","190","797","SUCCESS","0.2300000000000182"
"284.1704311266427","284.40043112664273","34","35","{""a"":""in"",""s"":15,""nid"":-683325700,""i"":""<<Immediate,Soldier,?l,t,1,>>"",""psn"":[15,11,31,34]}","340621","190","620","SUCCESS","0.2300000000000182"
"284.1704311266427","284.40043112664273","310","36","{""a"":""in"",""s"":15,""nid"":-683325700,""i"":""<<Immediate,Soldier,?l,t,1,>>"",""psn"":[15,11,31,310]}","3100815","191","814","SUCCESS","0.2300000000000182"
"284.1704311266427","284.40043112664273","27","23","{""a"":""in"",""s"":15,""nid"":-683325700,""i"":""<<Immediate,Soldier,?l,t,1,>>"",""psn"":[15,11,21,27]}","270645","190","644","SUCCESS","0.2300000000000182"
"284.1704311266427","284.40043112664273","26","210","{""a"":""in"",""s"":15,""nid"":-683325700,""i"":""<<Immediate,Soldier,?l,t,1,>>"",""psn"":[15,11,21,26]}","260635","190","634","SUCCESS","0.2300000000000182"
"284.1704311266427","284.40043112664273","310","35","{""a"":""in"",""s"":15,""nid"":-683325700,""i"":""<<Immediate,Soldier,?l,t,1,>>"",""psn"":[15,11,31,310]}","3100814","191","813","SUCCESS","0.2300000000000182"
"284.1704311266427","284.40043112664273","57","56","{""a"":""in"",""s"":15,""nid"":-683325700,""i"":""<<Immediate,Soldier,?l,t,1,>>"",""psn"":[15,11,51,57]}","570663","190","662","SUCCESS","0.2300000000000182"
"284.1704311266427","284.40043112664273","26","24","{""a"":""in"",""s"":15,""nid"":-683325700,""i"":""<<Immediate,Soldier,?l,t,1,>>"",""psn"":[15,11,21,26]}","260638","190","637","SUCCESS","0.2300000000000182"
"284.1704311266427","284.40043112664273","510","53","{""a"":""in"",""s"":15,""nid"":-683325700,""i"":""<<Immediate,Soldier,?l,t,1,>>"",""psn"":[15,11,51,510]}","5100828","191","827","SUCCESS","0.2300000000000182"
"284.1704311266427","284.40043112664273","58","56","{""a"":""in"",""s"":15,""nid"":-683325700,""i"":""<<Immediate,Soldier,?l,t,1,>>"",""psn"":[15,11,51,58]}","580839","190","838","SUCCESS","0.2300000000000182"
"284.1704311266427","284.40043112664273","22","27","{""a"":""in"",""s"":15,""nid"":-683325700,""i"":""<<Immediate,Soldier,?l,t,1,>>"",""psn"":[15,11,21,22]}","220656","190","655","SUCCESS","0.2300000000000182"
"284.1704311266427","284.40043112664273","510","55","{""a"":""in"",""s"":15,""nid"":-683325700,""i"":""<<Immediate,Soldier,?l,t,1,>>"",""psn"":[15,11,51,510]}","5100830","191","829","SUCCESS","0.2300000000000182"
"284.1704311266427","284.40043112664273","54","56","{""a"":""in"",""s"":15,""nid"":-683325700,""i"":""<<Immediate,Soldier,?l,t,1,>>"",""psn"":[15,11,51,54]}","540822","190","821","SUCCESS","0.2300000000000182"
"284.1704311266427","284.40043112664273","27","28","{""a"":""in"",""s"":15,""nid"":-683325700,""i"":""<<Immediate,Soldier,?l,t,1,>>"",""psn"":[15,11,21,27]}","270649","190","648","SUCCESS","0.2300000000000182"
"284.1704311266427","284.40043112664273","47","43","{""a"":""in"",""s"":15,""nid"":-683325700,""i"":""<<Immediate,Soldier,?l,t,1,>>"",""psn"":[15,11,41,47]}","470719","190","718","SUCCESS","0.2300000000000182"
"284.1704311266427","284.40043112664273","47","42","{""a"":""in"",""s"":15,""nid"":-683325700,""i"":""<<Immediate,Soldier,?l,t,1,>>"",""psn"":[15,11,41,47]}","470717","190","716","SUCCESS","0.2300000000000182"
"284.1704311266427","284.40043112664273","44","410","{""a"":""in"",""s"":15,""nid"":-683325700,""i"":""<<Immediate,Soldier,?l,t,1,>>"",""psn"":[15,11,41,44]}","440726","190","725","SUCCESS","0.2300000000000182"
"284.1704311266427","284.40043112664273","25","22","{""a"":""in"",""s"":15,""nid"":-683325700,""i"":""<<Immediate,Soldier,?l,t,1,>>"",""psn"":[15,11,21,25]}","250588","190","587","SUCCESS","0.2300000000000182"
"284.1704311266427","284.40043112664273","25","210","{""a"":""in"",""s"":15,""nid"":-683325700,""i"":""<<Immediate,Soldier,?l,t,1,>>"",""psn"":[15,11,21,25]}","250587","190","586","SUCCESS","0.2300000000000182"
"284.1704311266427","284.40043112664273","59","55","{""a"":""in"",""s"":15,""nid"":-683325700,""i"":""<<Immediate,Soldier,?l,t,1,>>"",""psn"":[15,11,51,59]}","590710","190","709","SUCCESS","0.2300000000000182"
"284.1704311266427","284.40043112664273","47","44","{""a"":""in"",""s"":15,""nid"":-683325700,""i"":""<<Immediate,Soldier,?l,t,1,>>"",""psn"":[15,11,41,47]}","470720","190","719","SUCCESS","0.2300000000000182"
"284.1704311266427","284.40043112664273","47","410","{""a"":""in"",""s"":15,""nid"":-683325700,""i"":""<<Immediate,Soldier,?l,t,1,>>"",""psn"":[15,11,41,47]}","470718","190","717","SUCCESS","0.2300000000000182"
"284.1704311266427","284.40043112664273","25","26","{""a"":""in"",""s"":15,""nid"":-683325700,""i"":""<<Immediate,Soldier,?l,t,1,>>"",""psn"":[15,11,21,25]}","250591","190","590","SUCCESS","0.2300000000000182"
"284.1704311266427","284.40043112664273","33","35","{""a"":""in"",""s"":15,""nid"":-683325700,""i"":""<<Immediate,Soldier,?l,t,1,>>"",""psn"":[15,11,31,33]}","330701","190","700","SUCCESS","0.2300000000000182"
"284.1704311266427","284.40043112664273","59","53","{""a"":""in"",""s"":15,""nid"":-683325700,""i"":""<<Immediate,Soldier,?l,t,1,>>"",""psn"":[15,11,51,59]}","590708","190","707","SUCCESS","0.2300000000000182"
"284.1704311266427","284.40043112664273","48","49","{""a"":""in"",""s"":15,""nid"":-683325700,""i"":""<<Immediate,Soldier,?l,t,1,>>"",""psn"":[15,11,41,48]}","480579","190","578","SUCCESS","0.2300000000000182"
"284.1704311266427","284.40043112664273","37","310","{""a"":""in"",""s"":15,""nid"":-683325700,""i"":""<<Immediate,Soldier,?l,t,1,>>"",""psn"":[15,11,31,37]}","370577","190","576","SUCCESS","0.2300000000000182"
"284.1704311266427","284.40043112664273","33","37","{""a"":""in"",""s"":15,""nid"":-683325700,""i"":""<<Immediate,Soldier,?l,t,1,>>"",""psn"":[15,11,31,33]}","330703","190","702","SUCCESS","0.2300000000000182"
"284.1704311266427","284.40043112664273","33","34","{""a"":""in"",""s"":15,""nid"":-683325700,""i"":""<<Immediate,Soldier,?l,t,1,>>"",""psn"":[15,11,31,33]}","330700","190","699","SUCCESS","0.2300000000000182"
"284.1704311266427","284.40043112664273","44","47","{""a"":""in"",""s"":15,""nid"":-683325700,""i"":""<<Immediate,Soldier,?l,t,1,>>"",""psn"":[15,11,41,44]}","440730","190","729","SUCCESS","0.2300000000000182"
"284.1704311266427","284.40043112664273","24","28","{""a"":""in"",""s"":15,""nid"":-683325700,""i"":""<<Immediate,Soldier,?l,t,1,>>"",""psn"":[15,11,21,24]}","240681","190","680","SUCCESS","0.2300000000000182"
"284.1704311266427","284.40043112664273","53","58","{""a"":""in"",""s"":15,""nid"":-683325700,""i"":""<<Immediate,Soldier,?l,t,1,>>"",""psn"":[15,11,51,53]}","530560","190","559","SUCCESS","0.2300000000000182"
"284.1704311266427","284.40043112664273","39","37","{""a"":""in"",""s"":15,""nid"":-683325700,""i"":""<<Immediate,Soldier,?l,t,1,>>"",""psn"":[15,11,31,39]}","390688","190","687","SUCCESS","0.2300000000000182"
"284.1704311266427","284.40043112664273","33","32","{""a"":""in"",""s"":15,""nid"":-683325700,""i"":""<<Immediate,Soldier,?l,t,1,>>"",""psn"":[15,11,31,33]}","330699","190","698","SUCCESS","0.2300000000000182"
"284.1704311266427","284.40043112664273","23","27","{""a"":""in"",""s"":15,""nid"":-683325700,""i"":""<<Immediate,Soldier,?l,t,1,>>"",""psn"":[15,11,21,23]}","230568","190","567","SUCCESS","0.2300000000000182"
"284.1704311266427","284.40043112664273","36","310","{""a"":""in"",""s"":15,""nid"":-683325700,""i"":""<<Immediate,Soldier,?l,t,1,>>"",""psn"":[15,11,31,36]}","360673","190","672","SUCCESS","0.2300000000000182"
"284.1704311266427","284.40043112664273","39","32","{""a"":""in"",""s"":15,""nid"":-683325700,""i"":""<<Immediate,Soldier,?l,t,1,>>"",""psn"":[15,11,31,39]}","390683","190","682","SUCCESS","0.2300000000000182"
"284.1704311266427","284.40043112664273","39","310","{""a"":""in"",""s"":15,""nid"":-683325700,""i"":""<<Immediate,Soldier,?l,t,1,>>"",""psn"":[15,11,31,39]}","390690","190","689","SUCCESS","0.2300000000000182"
"284.1704311266427","284.40043112664273","39","33","{""a"":""in"",""s"":15,""nid"":-683325700,""i"":""<<Immediate,Soldier,?l,t,1,>>"",""psn"":[15,11,31,39]}","390684","190","683","SUCCESS","0.2300000000000182"
"284.1704311266427","284.40043112664273","53","57","{""a"":""in"",""s"":15,""nid"":-683325700,""i"":""<<Immediate,Soldier,?l,t,1,>>"",""psn"":[15,11,51,53]}","530559","190","558","SUCCESS","0.2300000000000182"
"284.1704311266427","284.40043112664273","24","26","{""a"":""in"",""s"":15,""nid"":-683325700,""i"":""<<Immediate,Soldier,?l,t,1,>>"",""psn"":[15,11,21,24]}","240679","190","678","SUCCESS","0.2300000000000182"
"284.1704311266427","284.40043112664273","25","23","{""a"":""in"",""s"":15,""nid"":-683325700,""i"":""<<Immediate,Soldier,?l,t,1,>>"",""psn"":[15,11,21,25]}","250589","190","588","SUCCESS","0.2300000000000182"
"284.1704311266427","284.40043112664273","29","24","{""a"":""in"",""s"":15,""nid"":-683325700,""i"":""<<Immediate,Soldier,?l,t,1,>>"",""psn"":[15,11,21,29]}","290734","190","733","SUCCESS","0.2300000000000182"
"284.1704311266427","284.40043112664273","22","210","{""a"":""in"",""s"":15,""nid"":-683325700,""i"":""<<Immediate,Soldier,?l,t,1,>>"",""psn"":[15,11,21,22]}","220651","190","650","SUCCESS","0.2300000000000182"
"284.1704311266427","284.40043112664273","29","28","{""a"":""in"",""s"":15,""nid"":-683325700,""i"":""<<Immediate,Soldier,?l,t,1,>>"",""psn"":[15,11,21,29]}","290738","190","737","SUCCESS","0.2300000000000182"
"284.1704311266427","284.40043112664273","27","24","{""a"":""in"",""s"":15,""nid"":-683325700,""i"":""<<Immediate,Soldier,?l,t,1,>>"",""psn"":[15,11,21,27]}","270646","190","645","SUCCESS","0.2300000000000182"
"284.1704311266427","284.40043112664273","57","510","{""a"":""in"",""s"":15,""nid"":-683325700,""i"":""<<Immediate,Soldier,?l,t,1,>>"",""psn"":[15,11,51,57]}","570666","190","665","SUCCESS","0.2300000000000182"
"284.1704311266427","284.40043112664273","26","29","{""a"":""in"",""s"":15,""nid"":-683325700,""i"":""<<Immediate,Soldier,?l,t,1,>>"",""psn"":[15,11,21,26]}","260642","190","641","SUCCESS","0.2300000000000182"
"284.1704311266427","284.40043112664273","56","58","{""a"":""in"",""s"":15,""nid"":-683325700,""i"":""<<Immediate,Soldier,?l,t,1,>>"",""psn"":[15,11,51,56]}","560608","190","607","SUCCESS","0.2300000000000182"
"284.1704311266427","284.40043112664273","27","25","{""a"":""in"",""s"":15,""nid"":-683325700,""i"":""<<Immediate,Soldier,?l,t,1,>>"",""psn"":[15,11,21,27]}","270647","190","646","SUCCESS","0.2300000000000182"
"284.1704311266427","284.40043112664273","55","510","{""a"":""in"",""s"":15,""nid"":-683325700,""i"":""<<Immediate,Soldier,?l,t,1,>>"",""psn"":[15,11,51,55]}","550634","190","633","SUCCESS","0.2300000000000182"
"284.1704311266427","284.40043112664273","26","23","{""a"":""in"",""s"":15,""nid"":-683325700,""i"":""<<Immediate,Soldier,?l,t,1,>>"",""psn"":[15,11,21,26]}","260637","190","636","SUCCESS","0.2300000000000182"
"284.1704311266427","284.40043112664273","54","55","{""a"":""in"",""s"":15,""nid"":-683325700,""i"":""<<Immediate,Soldier,?l,t,1,>>"",""psn"":[15,11,51,54]}","540821","190","820","SUCCESS","0.2300000000000182"
"284.1704311266427","284.40043112664273","57","58","{""a"":""in"",""s"":15,""nid"":-683325700,""i"":""<<Immediate,Soldier,?l,t,1,>>"",""psn"":[15,11,51,57]}","570664","190","663","SUCCESS","0.2300000000000182"
"284.1704311266427","284.40043112664273","27","22","{""a"":""in"",""s"":15,""nid"":-683325700,""i"":""<<Immediate,Soldier,?l,t,1,>>"",""psn"":[15,11,21,27]}","270644","190","643","SUCCESS","0.2300000000000182"
"284.1704311266427","284.40043112664273","58","54","{""a"":""in"",""s"":15,""nid"":-683325700,""i"":""<<Immediate,Soldier,?l,t,1,>>"",""psn"":[15,11,51,58]}","580837","190","836","SUCCESS","0.2300000000000182"
"284.1704311266427","284.40043112664273","56","510","{""a"":""in"",""s"":15,""nid"":-683325700,""i"":""<<Immediate,Soldier,?l,t,1,>>"",""psn"":[15,11,51,56]}","560610","190","609","SUCCESS","0.2300000000000182"
"284.1704311266427","284.40043112664273","36","39","{""a"":""in"",""s"":15,""nid"":-683325700,""i"":""<<Immediate,Soldier,?l,t,1,>>"",""psn"":[15,11,31,36]}","360674","190","673","SUCCESS","0.2300000000000182"
"284.1704311266427","284.40043112664273","25","29","{""a"":""in"",""s"":15,""nid"":-683325700,""i"":""<<Immediate,Soldier,?l,t,1,>>"",""psn"":[15,11,21,25]}","250594","190","593","SUCCESS","0.2300000000000182"
"284.1704311266427","284.40043112664273","44","42","{""a"":""in"",""s"":15,""nid"":-683325700,""i"":""<<Immediate,Soldier,?l,t,1,>>"",""psn"":[15,11,41,44]}","440725","190","724","SUCCESS","0.2300000000000182"
"284.1704311266427","284.40043112664273","39","35","{""a"":""in"",""s"":15,""nid"":-683325700,""i"":""<<Immediate,Soldier,?l,t,1,>>"",""psn"":[15,11,31,39]}","390686","190","685","SUCCESS","0.2300000000000182"
"284.1704311266427","284.40043112664273","24","22","{""a"":""in"",""s"":15,""nid"":-683325700,""i"":""<<Immediate,Soldier,?l,t,1,>>"",""psn"":[15,11,21,24]}","240676","190","675","SUCCESS","0.2300000000000182"
"284.1704311266427","284.40043112664273","22","26","{""a"":""in"",""s"":15,""nid"":-683325700,""i"":""<<Immediate,Soldier,?l,t,1,>>"",""psn"":[15,11,21,22]}","220655","190","654","SUCCESS","0.2300000000000182"
"284.1704311266427","284.40043112664273","59","510","{""a"":""in"",""s"":15,""nid"":-683325700,""i"":""<<Immediate,Soldier,?l,t,1,>>"",""psn"":[15,11,51,59]}","590714","190","713","SUCCESS","0.2300000000000182"
"284.1704311266427","284.40043112664273","53","55","{""a"":""in"",""s"":15,""nid"":-683325700,""i"":""<<Immediate,Soldier,?l,t,1,>>"",""psn"":[15,11,51,53]}","530557","190","556","SUCCESS","0.2300000000000182"
"284.1704311266427","284.40043112664273","33","39","{""a"":""in"",""s"":15,""nid"":-683325700,""i"":""<<Immediate,Soldier,?l,t,1,>>"",""psn"":[15,11,31,33]}","330706","190","705","SUCCESS","0.2300000000000182"
"284.1704311266427","284.40043112664273","36","35","{""a"":""in"",""s"":15,""nid"":-683325700,""i"":""<<Immediate,Soldier,?l,t,1,>>"",""psn"":[15,11,31,36]}","360670","190","669","SUCCESS","0.2300000000000182"
"284.1704311266427","284.40043112664273","53","59","{""a"":""in"",""s"":15,""nid"":-683325700,""i"":""<<Immediate,Soldier,?l,t,1,>>"",""psn"":[15,11,51,53]}","530561","190","560","SUCCESS","0.2300000000000182"
"284.1704311266427","284.40043112664273","47","46","{""a"":""in"",""s"":15,""nid"":-683325700,""i"":""<<Immediate,Soldier,?l,t,1,>>"",""psn"":[15,11,41,47]}","470722","190","721","SUCCESS","0.2300000000000182"
"284.1704311266427","284.40043112664273","53","56","{""a"":""in"",""s"":15,""nid"":-683325700,""i"":""<<Immediate,Soldier,?l,t,1,>>"",""psn"":[15,11,51,53]}","530558","190","557","SUCCESS","0.2300000000000182"
"284.1704311266427","284.40043112664273","23","24","{""a"":""in"",""s"":15,""nid"":-683325700,""i"":""<<Immediate,Soldier,?l,t,1,>>"",""psn"":[15,11,21,23]}","230565","190","564","SUCCESS","0.2300000000000182"
"284.1704311266427","284.40043112664273","28","27","{""a"":""in"",""s"":15,""nid"":-683325700,""i"":""<<Immediate,Soldier,?l,t,1,>>"",""psn"":[15,11,21,28]}","280745","190","744","SUCCESS","0.2300000000000182"
"284.1704311266427","284.40043112664273","39","34","{""a"":""in"",""s"":15,""nid"":-683325700,""i"":""<<Immediate,Soldier,?l,t,1,>>"",""psn"":[15,11,31,39]}","390685","190","684","SUCCESS","0.2300000000000182"
"284.1704311266427","284.40043112664273","210","29","{""a"":""in"",""s"":15,""nid"":-683325700,""i"":""<<Immediate,Soldier,?l,t,1,>>"",""psn"":[15,11,21,210]}","2100762","191","761","SUCCESS","0.2300000000000182"
"284.1704311266427","284.40043112664273","37","33","{""a"":""in"",""s"":15,""nid"":-683325700,""i"":""<<Immediate,Soldier,?l,t,1,>>"",""psn"":[15,11,31,37]}","370572","190","571","SUCCESS","0.2300000000000182"
"284.1704311266427","284.40043112664273","44","49","{""a"":""in"",""s"":15,""nid"":-683325700,""i"":""<<Immediate,Soldier,?l,t,1,>>"",""psn"":[15,11,41,44]}","440724","190","723","SUCCESS","0.2300000000000182"
"284.1704311266427","284.40043112664273","410","45","{""a"":""in"",""s"":15,""nid"":-683325700,""i"":""<<Immediate,Soldier,?l,t,1,>>"",""psn"":[15,11,41,410]}","4100768","191","767","SUCCESS","0.2300000000000182"
"284.1704311266427","284.40043112664273","210","28","{""a"":""in"",""s"":15,""nid"":-683325700,""i"":""<<Immediate,Soldier,?l,t,1,>>"",""psn"":[15,11,21,210]}","2100761","191","760","SUCCESS","0.2300000000000182"
"284.1704311266427","284.40043112664273","58","59","{""a"":""in"",""s"":15,""nid"":-683325700,""i"":""<<Immediate,Soldier,?l,t,1,>>"",""psn"":[15,11,51,58]}","580841","190","840","SUCCESS","0.2300000000000182"
"284.1704311266427","284.40043112664273","510","58","{""a"":""in"",""s"":15,""nid"":-683325700,""i"":""<<Immediate,Soldier,?l,t,1,>>"",""psn"":[15,11,51,510]}","5100833","191","832","SUCCESS","0.2300000000000182"
"284.1704311266427","284.40043112664273","310","38","{""a"":""in"",""s"":15,""nid"":-683325700,""i"":""<<Immediate,Soldier,?l,t,1,>>"",""psn"":[15,11,31,310]}","3100817","191","816","SUCCESS","0.2300000000000182"
"284.1704311266427","284.40043112664273","43","47","{""a"":""in"",""s"":15,""nid"":-683325700,""i"":""<<Immediate,Soldier,?l,t,1,>>"",""psn"":[15,11,41,43]}","430810","190","809","SUCCESS","0.2300000000000182"
"284.1704311266427","284.40043112664273","38","310","{""a"":""in"",""s"":15,""nid"":-683325700,""i"":""<<Immediate,Soldier,?l,t,1,>>"",""psn"":[15,11,31,38]}","380793","190","792","SUCCESS","0.2300000000000182"
"284.1704311266427","284.40043112664273","35","39","{""a"":""in"",""s"":15,""nid"":-683325700,""i"":""<<Immediate,Soldier,?l,t,1,>>"",""psn"":[15,11,31,35]}","350778","190","777","SUCCESS","0.2300000000000182"
"284.1704311266427","284.40043112664273","35","310","{""a"":""in"",""s"":15,""nid"":-683325700,""i"":""<<Immediate,Soldier,?l,t,1,>>"",""psn"":[15,11,31,35]}","350777","190","776","SUCCESS","0.2300000000000182"
"284.1704311266427","284.40043112664273","33","310","{""a"":""in"",""s"":15,""nid"":-683325700,""i"":""<<Immediate,Soldier,?l,t,1,>>"",""psn"":[15,11,31,33]}","330705","190","704","SUCCESS","0.2300000000000182"
"284.1704311266427","284.40043112664273","32","39","{""a"":""in"",""s"":15,""nid"":-683325700,""i"":""<<Immediate,Soldier,?l,t,1,>>"",""psn"":[15,11,31,32]}","320786","190","785","SUCCESS","0.2300000000000182"
"284.1704311266427","284.40043112664273","53","510","{""a"":""in"",""s"":15,""nid"":-683325700,""i"":""<<Immediate,Soldier,?l,t,1,>>"",""psn"":[15,11,51,53]}","530562","190","561","SUCCESS","0.2300000000000182"
"284.1704311266427","284.40043112664273","47","49","{""a"":""in"",""s"":15,""nid"":-683325700,""i"":""<<Immediate,Soldier,?l,t,1,>>"",""psn"":[15,11,41,47]}","470716","190","715","SUCCESS","0.2300000000000182"
"284.1704311266427","284.40043112664273","44","48","{""a"":""in"",""s"":15,""nid"":-683325700,""i"":""<<Immediate,Soldier,?l,t,1,>>"",""psn"":[15,11,41,44]}","440723","190","722","SUCCESS","0.2300000000000182"
